듀벨
듀벨
듀벨
듀벨
듀벨
듀벨
듀벨
듀벨
듀벨
듀벨
듀벨
듀벨
듀벨
듀벨
듀벨
듀벨
듀벨
듀벨
듀벨
듀벨
듀벨
듀벨
듀벨
듀벨
듀벨
듀벨
듀벨
듀벨
듀벨
듀벨
듀벨
듀벨
듀벨
듀벨
듀벨
듀벨
듀벨
듀벨
듀벨
듀벨
듀벨
듀벨
듀벨
듀벨
듀벨
듀벨
듀벨
듀벨
듀벨
듀벨
듀벨
듀벨
듀벨
듀벨
듀벨
듀벨
듀벨
듀벨
듀벨
듀벨
듀벨
듀벨
듀벨
듀벨
듀벨
듀벨
듀벨
듀벨
듀벨
듀벨
듀벨
듀벨
듀벨
듀벨
듀벨
듀벨
듀벨
듀벨
듀벨
듀벨
듀벨
듀벨
듀벨
듀벨
듀벨
듀벨
듀벨
듀벨
듀벨
듀벨
듀벨
듀벨
듀벨
듀벨
듀벨
듀벨
듀벨
듀벨
듀벨
듀벨
듀벨
듀벨
듀벨
듀벨
듀벨
듀벨
듀벨
듀벨
듀벨
듀벨
듀벨
기네스
기네스
기네스
기네스
기네스
기네스
기네스
기네스
기네스
기네스
기네스
기네스
기네스
기네스
기네스
기네스
기네스
기네스
기네스
기네스
기네스
기네스
기네스
기네스
기네스
기네스
기네스
기네스
기네스
기네스
기네스
기네스
기네스
기네스
기네스
기네스
기네스
기네스
기네스
기네스
기네스
기네스
기네스
기네스
기네스
기네스
기네스
기네스
기네스
기네스
기네스
기네스
기네스
기네스
기네스
기네스
기네스
기네스
기네스
기네스
기네스
기네스
기네스
기네스
기네스
기네스
기네스
기네스
기네스
기네스
기네스
기네스
기네스
기네스
기네스
기네스
기네스
기네스
기네스
기네스
기네스
기네스
기네스
기네스
기네스
기네스
기네스
기네스
기네스
기네스
기네스
기네스
기네스
기네스
기네스
기네스
기네스
기네스
기네스
기네스
기네스
기네스
기네스
기네스
기네스
기네스
기네스
기네스
기네스
기네스
기네스
기네스
기네스
기네스
기네스
기네스
기네스
기네스
기네스
기네스
기네스
기네스
기네스
기네스
기네스
기네스
기네스
기네스
기네스
기네스
기네스
기네스
기네스
기네스
기네스
기네스
기네스
기네스
기네스
기네스
기네스
기네스
기네스
기네스
기네스
기네스
기네스
기네스
기네스
기네스
기네스
기네스
기네스
기네스
기네스
기네스
기네스
기네스
기네스
기네스
기네스
기네스
기네스
기네스
기네스
기네스
기네스
기네스
기네스
기네스
기네스
기네스
기네스
기네스
기네스
기네스
기네스
기네스
기네스
기네스
기네스
기네스
기네스
기네스
기네스
기네스
기네스
기네스
기네스
기네스
기네스
기네스
기네스
기네스
기네스
기네스
기네스
기네스
기네스
기네스
기네스
기네스
기네스
기네스
기네스
기네스
기네스
기네스
기네스
기네스
기네스
기네스
기네스
기네스
기네스
기네스
기네스
기네스
기네스
기네스
기네스
기네스
기네스
기네스
기네스
기네스
기네스
기네스
기네스
기네스
기네스
기네스
기네스
기네스
기네스
기네스
기네스
기네스
기네스
기네스
기네스
기네스
기네스
기네스
기네스
기네스
기네스
기네스
기네스
기네스
기네스
기네스
기네스
기네스
기네스
기네스
기네스
기네스
기네스
기네스
기네스
기네스
기네스
기네스
기네스
기네스
기네스
기네스
기네스
기네스
기네스
기네스
기네스
기네스
기네스
기네스
기네스
기네스
기네스
기네스
기네스
기네스
기네스
기네스
기네스
기네스
기네스
기네스
기네스
기네스
기네스
기네스
기네스
기네스
기네스
기네스
기네스
기네스
기네스
기네스
기네스
기네스
기네스
기네스
기네스
기네스
기네스
기네스
기네스
기네스
기네스
기네스
기네스
기네스
기네스
기네스
기네스
기네스
기네스
기네스
기네스
기네스
기네스
기네스
기네스
기네스
기네스
기네스
기네스
기네스
기네스
기네스
기네스
기네스
기네스
기네스
기네스
기네스
기네스
기네스
기네스
기네스
기네스
기네스
기네스
기네스
기네스
기네스
기네스
기네스
기네스
기네스
기네스
기네스
기네스
기네스
기네스
기네스
기네스
기네스
기네스
기네스
기네스
기네스
기네스
기네스
기네스
기네스
기네스
기네스
기네스
기네스
기네스
기네스
기네스
기네스
기네스
기네스
기네스
기네스
기네스
기네스
기네스
기네스
기네스
기네스
기네스
기네스
기네스
기네스
기네스
기네스
기네스
기네스
기네스
기네스
기네스
기네스
기네스
기네스
기네스
기네스
기네스
기네스
기네스
기네스
기네스
기네스
기네스
기네스
기네스
기네스
기네스
기네스
기네스
기네스
기네스
기네스
기네스
기네스
기네스
기네스
기네스
기네스
기네스
기네스
기네스
기네스
기네스
기네스
기네스
기네스
기네스
기네스
기네스
기네스
기네스
기네스
기네스
버드와이저
버드와이저
버드와이저
버드와이저
버드와이저
버드와이저
버드와이저
버드와이저
버드와이저
버드와이저
버드와이저
버드와이저
버드와이저
버드와이저
버드와이저
버드와이저
버드와이저
버드와이저
버드와이저
버드와이저
버드와이저
버드와이저
버드와이저
버드와이저
버드와이저
버드와이저
버드와이저
버드와이저
버드와이저
버드와이저
버드와이저
버드와이저
버드와이저
버드와이저
버드와이저
버드와이저
버드와이저
버드와이저
버드와이저
버드와이저
버드와이저
버드와이저
버드와이저
버드와이저
버드와이저
버드와이저
버드와이저
버드와이저
버드와이저
버드와이저
버드와이저
버드와이저
버드와이저
버드와이저
버드와이저
버드와이저
버드와이저
버드와이저
버드와이저
버드와이저
버드와이저
버드와이저
버드와이저
버드와이저
버드와이저
버드와이저
버드와이저
버드와이저
버드와이저
버드와이저
버드와이저
버드와이저
버드와이저
버드와이저
버드와이저
버드와이저
버드와이저
버드와이저
버드와이저
버드와이저
버드와이저
버드와이저
버드와이저
버드와이저
버드와이저
버드와이저
버드와이저
버드와이저
버드와이저
버드와이저
버드와이저
버드와이저
버드와이저
버드와이저
버드와이저
버드와이저
버드와이저
버드와이저
버드와이저
버드와이저
버드와이저
버드와이저
버드와이저
버드와이저
버드와이저
버드와이저
버드와이저
버드와이저
버드와이저
버드와이저
버드와이저
버드와이저
버드와이저
버드와이저
버드와이저
버드와이저
버드와이저
버드와이저
버드와이저
버드와이저
버드와이저
버드와이저
버드와이저
버드와이저
버드와이저
버드와이저
버드와이저
버드와이저
버드와이저
버드와이저
버드와이저
버드와이저
버드와이저
버드와이저
버드와이저
버드와이저
버드와이저
버드와이저
버드와이저
버드와이저
버드와이저
버드와이저
버드와이저
버드와이저
버드와이저
버드와이저
버드와이저
버드와이저
버드와이저
버드와이저
버드와이저
버드와이저
버드와이저
버드와이저
버드와이저
버드와이저
버드와이저
버드와이저
버드와이저
버드와이저
버드와이저
버드와이저
버드와이저
버드와이저
버드와이저
버드와이저
버드와이저
버드와이저
버드와이저
버드와이저
버드와이저
버드와이저
버드와이저
버드와이저
버드와이저
버드와이저
버드와이저
버드와이저
버드와이저
버드와이저
버드와이저
버드와이저
버드와이저
버드와이저
버드와이저
버드와이저
버드와이저
버드와이저
버드와이저
버드와이저
버드와이저
버드와이저
버드와이저
버드와이저
버드와이저
버드와이저
버드와이저
버드와이저
버드와이저
버드와이저
버드와이저
버드와이저
버드와이저
버드와이저
버드와이저
버드와이저
버드와이저
버드와이저
버드와이저
버드와이저
버드와이저
버드와이저
버드와이저
버드와이저
버드와이저
버드와이저
버드와이저
버드와이저
버드와이저
버드와이저
버드와이저
버드와이저
버드와이저
버드와이저
버드와이저
버드와이저
버드와이저
버드와이저
버드와이저
버드와이저
버드와이저
버드와이저
버드와이저
버드와이저
버드와이저
버드와이저
버드와이저
버드와이저
버드와이저
버드와이저
버드와이저
버드와이저
버드와이저
버드와이저
버드와이저
버드와이저
버드와이저
버드와이저
버드와이저
버드와이저
버드와이저
버드와이저
버드와이저
버드와이저
버드와이저
버드와이저
버드와이저
버드와이저
버드와이저
버드와이저
버드와이저
버드와이저
버드와이저
버드와이저
버드와이저
버드와이저
버드와이저
버드와이저
버드와이저
버드와이저
버드와이저
버드와이저
버드와이저
버드와이저
버드와이저
버드와이저
버드와이저
버드와이저
버드와이저
버드와이저
버드와이저
버드와이저
버드와이저
버드와이저
버드와이저
버드와이저
버드와이저
버드와이저
버드와이저
버드와이저
버드와이저
버드와이저
버드와이저
버드와이저
버드와이저
버드와이저
버드와이저
버드와이저
버드와이저
버드와이저
버드와이저
버드와이저
버드와이저
버드와이저
버드와이저
버드와이저
버드와이저
버드와이저
버드와이저
버드와이저
버드와이저
버드와이저
버드와이저
버드와이저
버드와이저
버드와이저
버드와이저
버드와이저
버드와이저
버드와이저
버드와이저
버드와이저
버드와이저
버드와이저
버드와이저
버드와이저
버드와이저
버드와이저
버드와이저
버드와이저
버드와이저
버드와이저
버드와이저
버드와이저
버드와이저
버드와이저
버드와이저
버드와이저
버드와이저
버드와이저
버드와이저
버드와이저
버드와이저
버드와이저
버드와이저
버드와이저
버드와이저
버드와이저
버드와이저
버드와이저
버드와이저
버드와이저
버드와이저
버드와이저
버드와이저
버드와이저
버드와이저
버드와이저
버드와이저
버드와이저
버드와이저
버드와이저
버드와이저
버드와이저
버드와이저
버드와이저
버드와이저
버드와이저
버드와이저
버드와이저
버드와이저
버드와이저
버드와이저
필스너
필스너
필스너
필스너
필스너
필스너
필스너
필스너
필스너
필스너
필스너
필스너
필스너
필스너
필스너
필스너
필스너
필스너
필스너
필스너
필스너
필스너
필스너
필스너
필스너
필스너
필스너
필스너
필스너
필스너
필스너
블랑
블랑
블랑
블랑
블랑
블랑
블랑
블랑
블랑
블랑
블랑
블랑
블랑
블랑
블랑
블랑
블랑
블랑
블랑
블랑
블랑
블랑
블랑
블랑
블랑
블랑
블랑
블랑
블랑
블랑
블랑
블랑
블랑
블랑
블랑
블랑
블랑
블랑
블랑
블랑
블랑
블랑
블랑
블랑
블랑
블랑
블랑
블랑
블랑
블랑
블랑
블랑
블랑
블랑
블랑
블랑
블랑
블랑
블랑
블랑
블랑
블랑
블랑
블랑
블랑
블랑
블랑
블랑
블랑
블랑
블랑
블랑
블랑
블랑
블랑
블랑
블랑
블랑
블랑
블랑
블랑
블랑
블랑
블랑
블랑
블랑
블랑
블랑
블랑
블랑
블랑
블랑
블랑
블랑
블랑
블랑
블랑
블랑
블랑
블랑
블랑
블랑
블랑
블랑
블랑
블랑
블랑
블랑
블랑
블랑
블랑
블랑
블랑
블랑
블랑
블랑
블랑
블랑
블랑
블랑
블랑
블랑
블랑
블랑
블랑
블랑
블랑
블랑
블랑
블랑
블랑
블랑
블랑
블랑
블랑
블랑
블랑
블랑
블랑
블랑
블랑
블랑
블랑
블랑
블랑
블랑
블랑
블랑
블랑
블랑
블랑
블랑
블랑
블랑
블랑
블랑
블랑
블랑
블랑
블랑
블랑
블랑
블랑
블랑
블랑
블랑
블랑
블랑
블랑
블랑
블랑
블랑
블랑
블랑
블랑
블랑
블랑
블랑
블랑
블랑
블랑
블랑
블랑
블랑
블랑
블랑
블랑
블랑
블랑
블랑
블랑
블랑
블랑
블랑
블랑
블랑
블랑
블랑
블랑
블랑
블랑
블랑
블랑
블랑
블랑
블랑
블랑
블랑
블랑
블랑
블랑
블랑
블랑
블랑
블랑
블랑
블랑
블랑
블랑
블랑
블랑
블랑
블랑
블랑
블랑
블랑
블랑
블랑
블랑
블랑
블랑
블랑
블랑
블랑
블랑
블랑
블랑
블랑
블랑
블랑
블랑
블랑
블랑
블랑
블랑
블랑
블랑
블랑
블랑
블랑
블랑
블랑
블랑
블랑
블랑
블랑
블랑
블랑
블랑
블랑
블랑
블랑
블랑
블랑
블랑
블랑
블랑
블랑
블랑
블랑
블랑
블랑
블랑
블랑
블랑
블랑
블랑
블랑
블랑
블랑
블랑
블랑
블랑
블랑
블랑
블랑
블랑
블랑
블랑
블랑
블랑
블랑
블랑
블랑
블랑
블랑
블랑
블랑
블랑
블랑
블랑
블랑
블랑
블랑
블랑
블랑
블랑
블랑
블랑
블랑
블랑
블랑
블랑
블랑
블랑
블랑
블랑
블랑
블랑
블랑
블랑
블랑
블랑
블랑
블랑
블랑
블랑
블랑
블랑
블랑
블랑
블랑
블랑
블랑
블랑
블랑
블랑
블랑
블랑
블랑
블랑
블랑
블랑
블랑
블랑
블랑
블랑
블랑
블랑
블랑
블랑
블랑
블랑
블랑
블랑
블랑
블랑
블랑
블랑
블랑
블랑
블랑
블랑
블랑
블랑
블랑
블랑
블랑
블랑
블랑
블랑
블랑
블랑
블랑
블랑
블랑
블랑
블랑
블랑
블랑
블랑
블랑
블랑
블랑
블랑
블랑
블랑
블랑
블랑
블랑
블랑
블랑
블랑
블랑
블랑
블랑
블랑
블랑
블랑
블랑
블랑
블랑
블랑
블랑
블랑
블랑
블랑
블랑
블랑
블랑
블랑
블랑
블랑
블랑
블랑
블랑
블랑
블랑
블랑
블랑
블랑
블랑
블랑
블랑
블랑
블랑
블랑
블랑
블랑
블랑
블랑
블랑
블랑
블랑
블랑
블랑
블랑
블랑
블랑
블랑
블랑
블랑
블랑
블랑
블랑
블랑
블랑
블랑
산미구엘
산미구엘
산미구엘
산미구엘
산미구엘
산미구엘
산미구엘
산미구엘
산미구엘
산미구엘
산미구엘
산미구엘
산미구엘
산미구엘
산미구엘
산미구엘
산미구엘
산미구엘
산미구엘
산미구엘
산미구엘
산미구엘
산미구엘
산미구엘
산미구엘
산미구엘
산미구엘
산미구엘
산미구엘
산미구엘
산미구엘
산미구엘
산미구엘
산미구엘
산미구엘
산미구엘
산미구엘
산미구엘
산미구엘
산미구엘
산미구엘
산미구엘
산미구엘
산미구엘
산미구엘
산미구엘
산미구엘
산미구엘
산미구엘
산미구엘
산미구엘
산미구엘
산미구엘
산미구엘
산미구엘
산미구엘
산미구엘
산미구엘
산미구엘
산미구엘
산미구엘
산미구엘
산미구엘
산미구엘
산미구엘
산미구엘
산미구엘
산미구엘
산미구엘
산미구엘
산미구엘
산미구엘
산미구엘
산미구엘
산미구엘
산미구엘
산미구엘
산미구엘
산미구엘
산미구엘
산미구엘
산미구엘
산미구엘
산미구엘
산미구엘
산미구엘
산미구엘
산미구엘
산미구엘
산미구엘
산미구엘
산미구엘
산미구엘
산미구엘
산미구엘
산미구엘
산미구엘
산미구엘
산미구엘
산미구엘
산미구엘
산미구엘
산미구엘
산미구엘
산미구엘
산미구엘
산미구엘
산미구엘
산미구엘
산미구엘
산미구엘
산미구엘
산미구엘
산미구엘
산미구엘
산미구엘
산미구엘
산미구엘
산미구엘
산미구엘
산미구엘
산미구엘
산미구엘
산미구엘
산미구엘
산미구엘
산미구엘
산미구엘
산미구엘
산미구엘
산미구엘
산미구엘
산미구엘
산미구엘
산미구엘
산미구엘
산미구엘
산미구엘
산미구엘
산미구엘
산미구엘
산미구엘
산미구엘
산미구엘
산미구엘
산미구엘
산미구엘
산미구엘
산미구엘
산미구엘
산미구엘
산미구엘
산미구엘
산미구엘
산미구엘
산미구엘
산미구엘
산미구엘
산미구엘
산미구엘
산미구엘
산미구엘
산미구엘
산미구엘
산미구엘
산미구엘
산미구엘
산미구엘
산미구엘
산미구엘
산미구엘
산미구엘
산미구엘
산미구엘
산미구엘
산미구엘
산미구엘
산미구엘
산미구엘
산미구엘
산미구엘
산미구엘
산미구엘
산미구엘
산미구엘
산미구엘
산미구엘
산미구엘
산미구엘
산미구엘
산미구엘
산미구엘
산미구엘
산미구엘
삿포로
삿포로
삿포로
삿포로
삿포로
삿포로
삿포로
삿포로
삿포로
삿포로
삿포로
삿포로
삿포로
삿포로
삿포로
삿포로
삿포로
삿포로
삿포로
삿포로
삿포로
삿포로
삿포로
삿포로
삿포로
삿포로
삿포로
삿포로
삿포로
삿포로
삿포로
삿포로
삿포로
삿포로
삿포로
삿포로
삿포로
삿포로
삿포로
삿포로
삿포로
삿포로
삿포로
삿포로
삿포로
삿포로
삿포로
삿포로
삿포로
삿포로
삿포로
삿포로
삿포로
삿포로
삿포로
삿포로
삿포로
삿포로
삿포로
삿포로
삿포로
삿포로
삿포로
삿포로
삿포로
삿포로
삿포로
삿포로
삿포로
삿포로
삿포로
삿포로
삿포로
삿포로
삿포로
삿포로
삿포로
삿포로
삿포로
삿포로
삿포로
삿포로
삿포로
삿포로
삿포로
삿포로
삿포로
삿포로
삿포로
삿포로
삿포로
삿포로
삿포로
삿포로
삿포로
삿포로
삿포로
삿포로
삿포로
삿포로
삿포로
삿포로
삿포로
삿포로
삿포로
삿포로
삿포로
삿포로
삿포로
삿포로
삿포로
삿포로
삿포로
삿포로
삿포로
삿포로
삿포로
삿포로
삿포로
삿포로
삿포로
삿포로
삿포로
삿포로
삿포로
삿포로
삿포로
삿포로
삿포로
삿포로
삿포로
삿포로
삿포로
삿포로
삿포로
삿포로
삿포로
삿포로
삿포로
삿포로
삿포로
삿포로
삿포로
삿포로
삿포로
삿포로
삿포로
삿포로
삿포로
삿포로
삿포로
삿포로
삿포로
삿포로
삿포로
삿포로
삿포로
삿포로
삿포로
삿포로
삿포로
삿포로
삿포로
삿포로
삿포로
삿포로
삿포로
삿포로
삿포로
삿포로
삿포로
삿포로
삿포로
삿포로
삿포로
삿포로
삿포로
삿포로
삿포로
삿포로
삿포로
삿포로
삿포로
삿포로
삿포로
삿포로
삿포로
삿포로
삿포로
삿포로
삿포로
삿포로
삿포로
삿포로
삿포로
삿포로
삿포로
삿포로
삿포로
삿포로
삿포로
삿포로
삿포로
삿포로
삿포로
삿포로
삿포로
삿포로
삿포로
삿포로
삿포로
삿포로
삿포로
삿포로
삿포로
삿포로
삿포로
삿포로
삿포로
삿포로
삿포로
삿포로
삿포로
삿포로
삿포로
삿포로
삿포로
삿포로
삿포로
삿포로
삿포로
삿포로
삿포로
삿포로
삿포로
삿포로
삿포로
삿포로
삿포로
삿포로
삿포로
삿포로
삿포로
삿포로
삿포로
삿포로
삿포로
삿포로
삿포로
삿포로
삿포로
삿포로
삿포로
스텔라
스텔라
스텔라
스텔라
스텔라
스텔라
스텔라
스텔라
스텔라
스텔라
스텔라
스텔라
스텔라
스텔라
스텔라
스텔라
스텔라
스텔라
스텔라
스텔라
스텔라
스텔라
스텔라
스텔라
스텔라
스텔라
스텔라
스텔라
스텔라
스텔라
스텔라
스텔라
스텔라
스텔라
스텔라
스텔라
스텔라
스텔라
스텔라
스텔라
스텔라
스텔라
스텔라
스텔라
스텔라
스텔라
스텔라
스텔라
스텔라
스텔라
스텔라
스텔라
스텔라
스텔라
스텔라
스텔라
스텔라
스텔라
스텔라
스텔라
스텔라
스텔라
스텔라
스텔라
스텔라
스텔라
스텔라
스텔라
스텔라
스텔라
스텔라
스텔라
스텔라
스텔라
스텔라
스텔라
스텔라
스텔라
스텔라
스텔라
스텔라
스텔라
스텔라
아사히
아사히
아사히
아사히
아사히
아사히
아사히
아사히
아사히
아사히
아사히
아사히
아사히
아사히
아사히
아사히
아사히
아사히
아사히
아사히
아사히
아사히
아사히
아사히
아사히
아사히
아사히
아사히
아사히
아사히
아사히
아사히
아사히
아사히
아사히
아사히
아사히
아사히
아사히
아사히
아사히
아사히
아사히
아사히
아사히
아사히
아사히
아사히
아사히
아사히
아사히
아사히
아사히
아사히
아사히
아사히
아사히
아사히
아사히
아사히
아사히
아사히
아사히
아사히
아사히
아사히
아사히
아사히
아사히
아사히
아사히
아사히
아사히
아사히
아사히
아사히
아사히
아사히
아사히
아사히
아사히
아사히
아사히
아사히
아사히
아사히
아사히
아사히
아사히
아사히
아사히
아사히
아사히
아사히
아사히
아사히
아사히
아사히
아사히
아사히
아사히
아사히
아사히
아사히
아사히
아사히
아사히
아사히
아사히
아사히
아사히
아사히
아사히
아사히
아사히
아사히
아사히
아사히
아사히
아사히
아사히
아사히
아사히
아사히
아사히
아사히
아사히
아사히
아사히
아사히
아사히
아사히
아사히
아사히
아사히
아사히
아사히
아사히
아사히
아사히
아사히
아사히
아사히
아사히
아사히
아사히
아사히
아사히
아사히
아사히
아사히
아사히
아사히
아사히
아사히
아사히
아사히
아사히
아사히
아사히
아사히
아사히
아사히
아사히
아사히
아사히
아사히
아사히
아사히
아사히
아사히
아사히
아사히
아사히
아사히
아사히
아사히
아사히
아사히
아사히
아사히
아사히
아사히
아사히
아사히
아사히
아사히
아사히
아사히
아사히
아사히
아사히
아사히
아사히
아사히
아사히
아사히
아사히
아사히
아사히
아사히
아사히
아사히
아사히
아사히
아사히
아사히
아사히
아사히
아사히
아사히
아사히
아사히
아사히
아사히
아사히
아사히
아사히
아사히
아사히
아사히
아사히
아사히
아사히
아사히
아사히
아사히
아사히
아사히
아사히
아사히
아사히
아사히
아사히
아사히
아사히
아사히
아사히
아사히
아사히
아사히
아사히
아사히
아사히
아사히
아사히
아사히
아사히
아사히
아사히
아사히
아사히
아사히
아사히
아사히
아사히
아사히
아사히
아사히
아사히
아사히
아사히
아사히
아사히
아사히
아사히
아사히
아사히
아사히
아사히
아사히
아사히
아사히
아사히
아사히
아사히
아사히
아사히
아사히
아사히
아사히
아사히
아사히
아사히
아사히
아사히
아사히
아사히
아사히
아사히
아사히
아사히
아사히
아사히
아사히
아사히
아사히
아사히
아사히
아사히
아사히
아사히
아사히
아사히
아사히
아사히
아사히
아사히
아사히
아사히
아사히
아사히
아사히
아사히
아사히
아사히
아사히
아사히
아사히
아사히
아사히
아사히
아사히
아사히
아사히
아사히
아사히
아사히
아사히
아사히
아사히
아사히
아사히
아사히
아사히
아사히
아사히
아사히
아사히
아사히
아사히
아사히
아사히
아사히
아사히
아사히
아사히
아사히
아사히
아사히
아사히
아사히
아사히
아사히
아사히
아사히
아사히
아사히
아사히
아사히
아사히
아사히
아사히
아사히
아사히
아사히
아사히
아사히
아사히
아사히
아사히
아사히
칭따오
칭따오
칭따오
칭따오
칭따오
칭따오
칭따오
칭따오
칭따오
칭따오
칭따오
칭따오
칭따오
칭따오
칭따오
칭따오
칭따오
칭따오
칭따오
칭따오
칭따오
칭따오
칭따오
칭따오
칭따오
칭따오
칭따오
칭따오
칭따오
칭따오
칭따오
칭따오
칭따오
칭따오
칭따오
칭따오
칭따오
칭따오
칭따오
칭따오
칭따오
칭따오
칭따오
칭따오
칭따오
칭따오
칭따오
칭따오
칭따오
칭따오
칭따오
칭따오
칭따오
칭따오
칭따오
칭따오
칭따오
칭따오
칭따오
칭따오
칭따오
칭따오
칭따오
칭따오
칭따오
칭따오
칭따오
칭따오
칭따오
칭따오
칭따오
칭따오
칭따오
칭따오
칭따오
칭따오
칭따오
칭따오
칭따오
칭따오
칭따오
칭따오
칭따오
칭따오
칭따오
칭따오
칭따오
칭따오
칭따오
칭따오
칭따오
칭따오
칭따오
칭따오
칭따오
칭따오
칭따오
칭따오
칭따오
칭따오
칭따오
칭따오
칭따오
칭따오
칭따오
칭따오
칭따오
칭따오
칭따오
칭따오
칭따오
칭따오
칭따오
칭따오
칭따오
칭따오
칭따오
칭따오
칭따오
칭따오
칭따오
칭따오
칭따오
칭따오
칭따오
칭따오
칭따오
칭따오
칭따오
칭따오
칭따오
칭따오
칭따오
칭따오
칭따오
칭따오
칭따오
칭따오
칭따오
칭따오
칭따오
칭따오
칭따오
칭따오
칭따오
칭따오
칭따오
칭따오
칭따오
칭따오
칭따오
칭따오
칭따오
칭따오
칭따오
칭따오
칭따오
칭따오
칭따오
칭따오
칭따오
칭따오
칭따오
칭따오
칭따오
칭따오
칭따오
칭따오
칭따오
칭따오
칭따오
칭따오
칭따오
칭따오
칭따오
칭따오
칭따오
칭따오
칭따오
칭따오
칭따오
칭따오
칭따오
칭따오
칭따오
칭따오
칭따오
칭따오
칭따오
칭따오
칭따오
칭따오
칭따오
칭따오
칭따오
칭따오
칭따오
칭따오
칭따오
칭따오
칭따오
칭따오
칭따오
칭따오
칭따오
칭따오
칭따오
칭따오
칭따오
칭따오
칭따오
칭따오
칭따오
칭따오
칭따오
칭따오
칭따오
칭따오
칭따오
칭따오
칭따오
칭따오
칭따오
칭따오
칭따오
칭따오
칭따오
칭따오
칭따오
칭따오
칭따오
칭따오
칭따오
칭따오
칭따오
칭따오
칭따오
칭따오
칭따오
칭따오
칭따오
칭따오
칭따오
칭따오
칭따오
칭따오
칭따오
칭따오
칭따오
칭따오
칭따오
칭따오
칭따오
칭따오
칭따오
칭따오
칭따오
칭따오
칭따오
칭따오
칭따오
칭따오
칭따오
칭따오
칭따오
칭따오
칭따오
칭따오
칭따오
칭따오
칭따오
칭따오
칭따오
칭따오
칭따오
칭따오
칭따오
칭따오
칭따오
칭따오
칭따오
칭따오
칭따오
칭따오
칭따오
칭따오
칭따오
칭따오
칭따오
칭따오
칭따오
칭따오
칭따오
칭따오
칭따오
칭따오
칭따오
칭따오
칭따오
칭따오
칭따오
칭따오
칭따오
칭따오
칭따오
칭따오
칭따오
칭따오
칭따오
칭따오
칭따오
칭따오
칭따오
칭따오
칭따오
칭따오
칭따오
칭따오
칭따오
칭따오
칭따오
칭따오
칭따오
칭따오
칭따오
칭따오
칭따오
칭따오
칭따오
칭따오
칭따오
칭따오
칭따오
칭따오
칭따오
칭따오
칭따오
칭따오
칭따오
칭따오
칭따오
칭따오
칭따오
칭따오
칭따오
칭따오
칭따오
칭따오
칭따오
칭따오
칭따오
칭따오
칭따오
칭따오
칭따오
칭따오
칭따오
칭따오
칭따오
칭따오
칭따오
칭따오
칭따오
칭따오
칭따오
칭따오
칭따오
칭따오
칭따오
칭따오
칭따오
칭따오
칭따오
칭따오
칭따오
칭따오
칭따오
칭따오
칭따오
칭따오
칭따오
칭따오
칭따오
칭따오
칭따오
칭따오
칭따오
칭따오
칭따오
칭따오
칭따오
칭따오
칭따오
칭따오
칭따오
칭따오
칭따오
칭따오
칭따오
칭따오
칭따오
칭따오
칭따오
칭따오
칭따오
칭따오
칭따오
칭따오
칭따오
칭따오
칭따오
칭따오
칭따오
칭따오
칭따오
칭따오
칭따오
칭따오
칭따오
칭따오
칭따오
칭따오
칭따오
칭따오
칭따오
칭따오
칭따오
칭따오
칭따오
칭따오
칭따오
칭따오
칭따오
칭따오
칭따오
칭따오
칭따오
칭따오
칭따오
칭따오
칭따오
칭따오
칭따오
칭따오
칭따오
칭따오
칭따오
칭따오
칭따오
칭따오
칭따오
칭따오
칭따오
칭따오
칭따오
칭따오
칭따오
칭따오
칭따오
칭따오
칭따오
칭따오
칭따오
칭따오
칭따오
칭따오
칭따오
칭따오
칭따오
칭따오
칭따오
칭따오
칭따오
칭따오
칭따오
칭따오
칭따오
칭따오
칭따오
칭따오
칭따오
칭따오
칭따오
칭따오
칭따오
칭따오
칭따오
칭따오
칭따오
칭따오
칭따오
칭따오
칭따오
칭따오
칭따오
칭따오
칭따오
칭따오
칭따오
칭따오
칭따오
칭따오
칭따오
칭따오
칭따오
칭따오
칭따오
칭따오
칭따오
칭따오
칭따오
칭따오
칭따오
칭따오
칭따오
칭따오
칭따오
칭따오
칭따오
칭따오
칭따오
칭따오
칭따오
칭따오
칭따오
칭따오
칭따오
칭따오
칭따오
칭따오
칭따오
칭따오
칭따오
칭따오
칭따오
칭따오
칭따오
칭따오
칭따오
칭따오
칭따오
칭따오
칭따오
칭따오
칭따오
칭따오
칭따오
칭따오
칭따오
칭따오
칭따오
칭따오
칭따오
칭따오
칭따오
칭따오
칭따오
칭따오
칭따오
칭따오
칭따오
칭따오
칭따오
칭따오
칭따오
칭따오
칭따오
칭따오
칭따오
칭따오
칭따오
칭따오
칭따오
칭따오
칭따오
칭따오
칭따오
칭따오
칭따오
칭따오
칭따오
칭따오
칭따오
칭따오
칭따오
칭따오
칭따오
칭따오
칭따오
칭따오
칭따오
칭따오
칭따오
칭따오
칭따오
칭따오
칭따오
칭따오
칭따오
칭따오
칭따오
칭따오
칭따오
칭따오
칭따오
칭따오
칭따오
칭따오
칭따오
칭따오
칭따오
칭따오
칭따오
칭따오
칭따오
칭따오
칭따오
칭따오
칭따오
칭따오
칭따오
칭따오
칭따오
칭따오
칭따오
칭따오
칭따오
칭따오
칭따오
칭따오
칭따오
칭따오
칭따오
칭따오
칭따오
칭따오
칭따오
칭따오
칭따오
칭따오
칭따오
칭따오
칭따오
칭따오
칭따오
칭따오
칭따오
칭따오
칭따오
칭따오
칭따오
칭따오
칭따오
칭따오
칭따오
칭따오
칭따오
칭따오
칭따오
칭따오
칭따오
칭따오
칭따오
칭따오
칭따오
칭따오
칭따오
칭따오
칭따오
칭따오
칭따오
칭따오
칭따오
칭따오
칭따오
칭따오
칭따오
칭따오
칭따오
칭따오
칭따오
칭따오
칭따오
칭따오
칭따오
칭따오
칭따오
칭따오
칭따오
칭따오
칭따오
칭따오
칭따오
칭따오
칭따오
칭따오
칭따오
칭따오
칭따오
칭따오
칭따오
칭따오
칭따오
칭따오
칭따오
칭따오
칭따오
칭따오
칭따오
칭따오
칭따오
칭따오
칭따오
칭따오
칭따오
칭따오
칭따오
칭따오
칭따오
칭따오
칭따오
칭따오
칭따오
칭따오
칭따오
칭따오
칭따오
칭따오
칭따오
칭따오
칭따오
칭따오
칭따오
칭따오
칭따오
칭따오
칭따오
칭따오
칭따오
칭따오
칭따오
칭따오
칭따오
칭따오
칭따오
칭따오
칭따오
칭따오
칭따오
칭따오
칭따오
칭따오
칭따오
칭따오
칭따오
칭따오
칭따오
칭따오
칭따오
칭따오
칭따오
칭따오
칭따오
칭따오
칭따오
칭따오
칭따오
칭따오
칭따오
칭따오
칭따오
칭따오
칭따오
칭따오
칭따오
칭따오
칭따오
칭따오
칭따오
칭따오
칭따오
칭따오
칭따오
칭따오
칭따오
칭따오
칭따오
칭따오
칭따오
칭따오
칭따오
칭따오
칭따오
칭따오
칭따오
칭따오
칭따오
칭따오
칭따오
칭따오
칭따오
칭따오
칭따오
칭따오
칭따오
칭따오
칭따오
칭따오
칭따오
칭따오
칭따오
칭따오
칭따오
칭따오
칭따오
칭따오
칭따오
칭따오
칭따오
칭따오
칭따오
칭따오
칭따오
칭따오
칭따오
칭따오
칭따오
칭따오
칭따오
칭따오
칭따오
칭따오
칭따오
칭따오
칭따오
칭따오
칭따오
칭따오
칭따오
칭따오
칭따오
칭따오
칭따오
칭따오
칭따오
칭따오
칭따오
칭따오
칭따오
칭따오
칭따오
칭따오
칭따오
칭따오
칭따오
칭따오
칭따오
칭따오
칭따오
칭따오
칭따오
칭따오
칭따오
칭따오
칭따오
칭따오
칭따오
칭따오
칭따오
칭따오
칭따오
칭따오
칭따오
칭따오
칭따오
칭따오
칭따오
칭따오
칭따오
칭따오
칭따오
칭따오
칭따오
칭따오
칭따오
칭따오
칭따오
칭따오
칭따오
칭따오
칭따오
칭따오
칭따오
칭따오
칭따오
칭따오
칭따오
칭따오
칭따오
칭따오
칭따오
칭따오
칭따오
칭따오
칭따오
칭따오
칭따오
칭따오
칭따오
칭따오
칭따오
칭따오
칭따오
칭따오
칭따오
칭따오
칭따오
칭따오
칭따오
칭따오
칭따오
칭따오
칭따오
칭따오
칭따오
칭따오
칭따오
칭따오
칭따오
칭따오
칭따오
칭따오
칭따오
칭따오
칭따오
칭따오
칭따오
칭따오
칭따오
칭따오
칭따오
칭따오
칭따오
칭따오
칭따오
칭따오
칭따오
칭따오
칭따오
칭따오
칭따오
칭따오
칭따오
칭따오
칭따오
칭따오
칭따오
칭따오
칭따오
칭따오
칭따오
칭따오
칭따오
칭따오
칭따오
칭따오
칭따오
칭따오
칭따오
칭따오
칭따오
칭따오
칭따오
칭따오
칭따오
칭따오
칭따오
칭따오
칭따오
칭따오
칭따오
칭따오
칭따오
칭따오
칭따오
칭따오
칭따오
칭따오
칭따오
칭따오
칭따오
칭따오
칭따오
칭따오
칭따오
칭따오
칭따오
칭따오
칭따오
칭따오
칭따오
칭따오
칭따오
칭따오
칭따오
칭따오
칭따오
칭따오
칭따오
칭따오
칭따오
칭따오
칭따오
칭따오
칭따오
칭따오
칭따오
칭따오
칭따오
칭따오
칭따오
칭따오
칭따오
칭따오
칭따오
칭따오
칭따오
칭따오
칭따오
칭따오
칭따오
칭따오
칭따오
칭따오
칭따오
칭따오
칭따오
칭따오
칭따오
칭따오
칭따오
칭따오
칭따오
칭따오
칭따오
칭따오
칭따오
칭따오
칭따오
칭따오
칭따오
칭따오
칭따오
칭따오
칭따오
칭따오
칭따오
칭따오
칭따오
칭따오
칭따오
칭따오
칭따오
칭따오
칭따오
칭따오
칭따오
칭따오
칭따오
칭따오
칭따오
칭따오
칭따오
칭따오
칭따오
칭따오
칭따오
칭따오
칭따오
칭따오
칭따오
칭따오
칭따오
칭따오
칭따오
칭따오
칭따오
칭따오
칭따오
칭따오
칭따오
칭따오
칭따오
칭따오
칭따오
칭따오
칭따오
칭따오
칭따오
칭따오
칭따오
칭따오
칭따오
칭따오
칭따오
칭따오
칭따오
칭따오
칭따오
칭따오
칭따오
칭따오
칭따오
칭따오
칭따오
칭따오
칭따오
칭따오
칭따오
칭따오
칭따오
칭따오
칭따오
칭따오
칭따오
칭따오
칭따오
칭따오
칭따오
칭따오
칭따오
칭따오
칭따오
칭따오
칭따오
칭따오
칭따오
칭따오
칭따오
칭따오
칭따오
칭따오
칭따오
칭따오
칭따오
칭따오
칭따오
칭따오
칭따오
칭따오
칭따오
칭따오
칭따오
칭따오
칭따오
칭따오
칭따오
칭따오
칭따오
칭따오
칭따오
칭따오
칭따오
칭따오
칭따오
칭따오
칭따오
칭따오
칭따오
칭따오
칭따오
칭따오
칭따오
칭따오
칭따오
칭따오
칭따오
칭따오
칭따오
칭따오
칭따오
칭따오
칭따오
칭따오
칭따오
칭따오
칭따오
칭따오
칭따오
칭따오
칭따오
칭따오
칭따오
칭따오
칭따오
칭따오
칭따오
칭따오
칭따오
칭따오
칭따오
칭따오
칭따오
칭따오
칭따오
칭따오
칭따오
칭따오
칭따오
칭따오
칭따오
칭따오
칭따오
칭따오
칭따오
칭따오
칭따오
칭따오
칭따오
칭따오
칭따오
칭따오
칭따오
칭따오
칭따오
칭따오
칭따오
칭따오
칭따오
칭따오
칭따오
칭따오
칭따오
칭따오
칭따오
칭따오
칭따오
칭따오
칭따오
칭따오
칭따오
칭따오
칭따오
칭따오
칭따오
칭따오
칭따오
칭따오
칭따오
칭따오
칭따오
칭따오
칭따오
칭따오
칭따오
칭따오
칭따오
칭따오
칭따오
칭따오
칭따오
칭따오
칭따오
칭따오
칭따오
칭따오
칭따오
칭따오
칭따오
칭따오
칭따오
칭따오
칭따오
칭따오
칭따오
칭따오
칭따오
칭따오
칭따오
칭따오
칭따오
칭따오
칭따오
칭따오
칭따오
카스
카스
카스
카스
카스
카스
카스
카스
카스
카스
카스
카스
카스
카스
카스
카스
카스
카스
카스
카스
카스
카스
카스
카스
카스
카스
카스
카스
카스
카스
카스
카스
카스
카스
카스
카스
카스
카스
카스
카스
카스
카스
카스
카스
카스
카스
카스
카스
카스
카스
카스
카스
카스
카스
카스
카스
카스
카스
카스
카스
카스
카스
카스
카스
카스
카스
카스
카스
카스
카스
카스
카스
카스
카스
카스
카스
카스
카스
카스
카스
카스
카스
카스
카스
카스
카스
카스
카스
카스
카스
카스
카스
카스
카스
카스
카스
카스
카스
카스
카스
카스
카스
카스
카스
카스
카스
카스
카스
카스
카스
카스
카스
카스
카스
카스
카스
카스
카스
카스
카스
카스
카스
카스
카스
카스
카스
카스
카스
카스
카스
카스
카스
카스
카스
카스
카스
카스
카스
카스
카스
카스
카스
카스
카스
카스
카스
카스
카스
카스
카스
카스
카스
카스
카스
카스
카스
카스
카스
카스
카스
카스
카스
카스
카스
카스
카스
카스
카스
카스
카스
카스
카스
카스
카스
카스
카스
카스
카스
카스
카스
카스
카스
카스
카스
카스
카스
카스
카스
카스
카스
카스
카스
카스
카스
카스
카스
카스
카스
카스
카스
카스
카스
카스
카스
카스
카스
카스
카스
카스
카스
카스
카스
카스
카스
카스
카스
카스
카스
카스
카스
카스
카스
카스
카스
카스
카스
카스
카스
카스
카스
카스
카스
카스
카스
카스
카스
카스
카스
카스
카스
카스
카스
카스
카스
카스
카스
카스
카스
카스
카스
카스
카스
카스
카스
카스
카스
카스
카스
카스
카스
카스
카스
카스
카스
카스
카스
카스
카스
카스
카스
카스
카스
카스
카스
카스
카스
카스
카스
카스
카스
카스
카스
카스
카스
카스
카스
카스
카스
카스
카스
카스
카스
카스
카스
카스
카스
카스
카스
카스
카스
카스
카스
카스
카스
카스
카스
카스
카스
카스
카스
카스
카스
카스
카스
카스
카스
카스
카스
카스
카스
카스
카스
카스
카스
카스
카스
카스
카스
카스
카스
카스
카스
카스
카스
카스
카스
카스
카스
카스
카스
카스
카스
카스
카스
카스
카스
카스
카스
카스
카스
카스
카스
카스
카스
카스
카스
카스
카스
카스
카스
카스
카스
카스
카스
카스
카스
카스
카스
카스
카스
카스
카스
카스
카스
카스
카스
카스
카스
카스
카스
카스
카스
카스
카스
카스
카스
카스
카스
카스
카스
카스
카스
카스
카스
카스
카스
카스
카스
카스
카스
카스
카스
카스
카스
카스
카스
카스
카스
카스
카스
카스
카스
카스
카스
카스
카스
카스
카스
카스
카스
카스
카스
카스
카스
카스
카스
카스
카스
카스
카스
카스
카스
카스
카스
카스
카스
카스
카스
카스
카스
카스
카스
카스
카스
카스
카스
카스
카스
카스
카스
카스
카스
카스
카스
카스
카스
카스
카스
카스
카스
카스
카스
카스
카스
카스
카스
카스
카스
카스
카스
카스
카스
카스
카스
카스
카스
카스
카스
카스
카스
카스
카스
카스
카스
카스
카스
카스
카스
카스
카스
카스
카스
카스
카스
카스
카스
카스
카스
카스
카스
카스
카스
카스
카스
카스
카스
카스
카스
카스
카스
카스
카스
카스
카스
카스
카스
카스
카스
카스
카스
카스
카스
카스
카스
카스
카스
카스
카스
카스
카스
카스
카스
카스
카스
카스
카스
카스
카스
카스
카스
카스
카스
카스
카스
카스
카스
카스
카스
카스
카스
카스
카스
카스
카스
카스
카스
카스
카스
카스
카스
카스
카스
카스
카스
카스
카스
카스
카스
카스
카스
카스
카스
카스
카스
카스
카스
카스
카스
카스
카스
카스
카스
카스
카스
카스
카스
카스
카스
카스
카스
카스
카스
카스
카스
카스
카스
카스
카스
카스
카스
카스
카스
카스
카스
카스
카스
카스
카스
카스
카스
카스
카스
카스
카스
카스
카스
카스
카스
카스
카스
카스
카스
카스
카스
카스
카스
카스
카스
카스
카스
카스
카스
카스
카스
카스
카스
카스
카스
카스
카스
카스
카스
카스
카스
카스
카스
카스
카스
카스
카스
카스
카스
카스
카스
카스
카스
카스
카스
카스
카스
카스
카스
카스
카스
카스
카스
카스
카스
카스
카스
카스
카스
카스
카스
카스
카스
카스
카스
카스
카스
카스
카스
카스
카스
카스
카스
카스
카스
카스
카스
카스
카스
카스
카스
카스
카스
카스
카스
카스
카스
카스
카스
카스
카스
카스
카스
카스
카스
카스
카스
카스
카스
카스
카스
카스
카스
카스
카스
카스
카스
카스
카스
카스
카스
카스
카스
카스
카스
카스
카스
카스
카스
카스
카스
카스
카스
카스
카스
카스
카스
카스
카스
카스
카스
카스
카스
카스
카스
카스
카스
카스
카스
카스
카스
카스
카스
카스
카스
카스
카스
카스
카스
카스
카스
카스
카스
카스
카스
카스
카스
카스
카스
카스
카스
카스
카스
카스
카스
카스
카스
카스
카스
카스
카스
카스
카스
카스
카스
카스
카스
카스
카스
카스
카스
카스
카스
카스
카스
카스
카스
카스
카스
카스
카스
카스
카스
카스
카스
카스
카스
카스
카스
카스
카스
카스
카스
카스
카스
카스
카스
카스
카스
카스
카스
카스
카스
카스
칼스버그
칼스버그
칼스버그
칼스버그
칼스버그
칼스버그
칼스버그
칼스버그
칼스버그
칼스버그
칼스버그
칼스버그
칼스버그
칼스버그
칼스버그
칼스버그
칼스버그
칼스버그
칼스버그
칼스버그
칼스버그
칼스버그
칼스버그
칼스버그
칼스버그
칼스버그
칼스버그
칼스버그
칼스버그
칼스버그
칼스버그
칼스버그
칼스버그
칼스버그
칼스버그
칼스버그
칼스버그
칼스버그
칼스버그
칼스버그
칼스버그
칼스버그
칼스버그
칼스버그
칼스버그
칼스버그
칼스버그
칼스버그
칼스버그
칼스버그
칼스버그
칼스버그
칼스버그
칼스버그
칼스버그
칼스버그
칼스버그
칼스버그
칼스버그
칼스버그
칼스버그
칼스버그
칼스버그
칼스버그
칼스버그
칼스버그
칼스버그
칼스버그
칼스버그
칼스버그
칼스버그
칼스버그
칼스버그
칼스버그
칼스버그
칼스버그
칼스버그
칼스버그
칼스버그
칼스버그
칼스버그
칼스버그
칼스버그
칼스버그
칼스버그
칼스버그
칼스버그
칼스버그
칼스버그
칼스버그
칼스버그
칼스버그
칼스버그
칼스버그
칼스버그
칼스버그
칼스버그
칼스버그
칼스버그
칼스버그
칼스버그
칼스버그
칼스버그
칼스버그
칼스버그
칼스버그
칼스버그
칼스버그
칼스버그
칼스버그
칼스버그
칼스버그
칼스버그
칼스버그
칼스버그
칼스버그
칼스버그
칼스버그
칼스버그
칼스버그
칼스버그
칼스버그
칼스버그
칼스버그
칼스버그
칼스버그
칼스버그
칼스버그
칼스버그
칼스버그
칼스버그
칼스버그
칼스버그
칼스버그
칼스버그
칼스버그
칼스버그
칼스버그
칼스버그
칼스버그
칼스버그
칼스버그
칼스버그
칼스버그
칼스버그
칼스버그
칼스버그
칼스버그
칼스버그
칼스버그
칼스버그
칼스버그
칼스버그
칼스버그
칼스버그
칼스버그
칼스버그
칼스버그
칼스버그
칼스버그
칼스버그
칼스버그
칼스버그
칼스버그
칼스버그
칼스버그
칼스버그
칼스버그
칼스버그
칼스버그
칼스버그
칼스버그
칼스버그
칼스버그
칼스버그
칼스버그
칼스버그
칼스버그
칼스버그
칼스버그
칼스버그
칼스버그
칼스버그
칼스버그
칼스버그
칼스버그
코로나
코로나
코로나
코로나
코로나
코로나
코로나
코로나
코로나
코로나
코로나
코로나
코로나
코로나
코로나
코로나
코로나
코로나
코로나
코로나
코로나
코로나
코로나
코로나
코로나
코로나
코로나
코로나
코로나
코로나
코로나
코로나
코로나
코로나
코로나
코로나
코로나
코로나
코로나
코로나
코로나
코로나
코로나
코로나
코로나
코로나
코로나
코로나
코로나
코로나
코로나
코로나
코로나
코로나
코로나
코로나
코로나
코로나
코로나
코로나
코로나
코로나
코로나
코로나
코로나
코로나
코로나
코로나
코로나
코로나
코로나
코로나
코로나
코로나
코로나
코로나
코로나
코로나
코로나
코젤
코젤
코젤
코젤
코젤
코젤
코젤
코젤
코젤
코젤
코젤
코젤
코젤
코젤
코젤
코젤
코젤
코젤
코젤
코젤
코젤
코젤
코젤
코젤
코젤
코젤
코젤
코젤
코젤
코젤
코젤
코젤
코젤
코젤
코젤
코젤
코젤
코젤
코젤
코젤
코젤
코젤
코젤
코젤
코젤
코젤
코젤
코젤
코젤
코젤
코젤
코젤
코젤
코젤
코젤
코젤
코젤
코젤
코젤
코젤
코젤
코젤
코젤
코젤
코젤
코젤
코젤
코젤
코젤
코젤
코젤
코젤
코젤
코젤
코젤
코젤
코젤
코젤
코젤
코젤
코젤
코젤
코젤
코젤
코젤
코젤
코젤
코젤
코젤
코젤
코젤
코젤
코젤
코젤
코젤
코젤
코젤
코젤
코젤
코젤
코젤
코젤
코젤
코젤
코젤
코젤
코젤
코젤
코젤
코젤
코젤
코젤
코젤
코젤
코젤
코젤
코젤
코젤
코젤
코젤
코젤
코젤
코젤
코젤
코젤
코젤
코젤
코젤
코젤
코젤
코젤
코젤
코젤
코젤
코젤
코젤
코젤
코젤
코젤
코젤
코젤
코젤
코젤
코젤
코젤
코젤
코젤
코젤
코젤
코젤
코젤
코젤
코젤
코젤
코젤
코젤
코젤
코젤
코젤
코젤
코젤
코젤
코젤
코젤
코젤
코젤
코젤
코젤
코젤
코젤
코젤
코젤
코젤
코젤
코젤
코젤
코젤
코젤
코젤
코젤
코젤
코젤
코젤
코젤
코젤
코젤
코젤
코젤
코젤
코젤
코젤
코젤
코젤
코젤
코젤
코젤
코젤
코젤
크롬바커
크롬바커
크롬바커
크롬바커
크롬바커
크롬바커
크롬바커
크롬바커
크롬바커
크롬바커
크롬바커
크롬바커
크롬바커
크롬바커
크롬바커
크롬바커
크롬바커
크롬바커
크롬바커
크롬바커
크롬바커
크롬바커
크롬바커
크롬바커
크롬바커
크롬바커
크롬바커
크롬바커
크롬바커
크롬바커
크롬바커
크롬바커
크롬바커
크롬바커
크롬바커
크롬바커
크롬바커
크롬바커
크롬바커
크롬바커
크롬바커
크롬바커
크롬바커
크롬바커
크롬바커
크롬바커
크롬바커
크롬바커
크롬바커
크롬바커
크롬바커
크롬바커
크롬바커
크롬바커
크롬바커
크롬바커
크롬바커
크롬바커
크롬바커
크롬바커
크롬바커
크롬바커
크롬바커
크롬바커
크롬바커
크롬바커
크롬바커
크롬바커
크롬바커
크롬바커
크롬바커
크롬바커
크롬바커
크롬바커
크롬바커
크롬바커
크롬바커
크롬바커
크롬바커
크롬바커
크롬바커
크롬바커
크롬바커
크롬바커
크롬바커
크롬바커
크롬바커
크롬바커
크롬바커
크롬바커
크롬바커
크롬바커
크롬바커
크롬바커
크롬바커
크롬바커
크롬바커
크롬바커
크롬바커
크롬바커
크롬바커
크롬바커
크롬바커
크롬바커
크롬바커
크롬바커
크롬바커
크롬바커
크롬바커
크롬바커
크롬바커
크롬바커
크롬바커
크롬바커
크롬바커
크롬바커
크롬바커
크롬바커
크롬바커
크롬바커
필스너
필스너
필스너
필스너
필스너
필스너
필스너
필스너
필스너
필스너
필스너
필스너
필스너
필스너
필스너
필스너
필스너
필스너
필스너
필스너
필스너
필스너
필스너
필스너
필스너
필스너
필스너
필스너
필스너
필스너
필스너
필스너
필스너
필스너
필스너
필스너
필스너
필스너
필스너
필스너
필스너
필스너
필스너
필스너
필스너
필스너
필스너
필스너
필스너
필스너
필스너
필스너
필스너
필스너
필스너
필스너
필스너
필스너
필스너
필스너
필스너
필스너
필스너
필스너
필스너
필스너
필스너
필스너
필스너
필스너
필스너
필스너
필스너
필스너
필스너
필스너
필스너
필스너
필스너
필스너
필스너
필스너
필스너
필스너
필스너
필스너
필스너
필스너
필스너
필스너
필스너
필스너
필스너
필스너
필스너
필스너
필스너
필스너
필스너
필스너
필스너
필스너
필스너
필스너
필스너
필스너
필스너
필스너
필스너
필스너
필스너
필스너
필스너
필스너
필스너
필스너
필스너
필스너
필스너
필스너
필스너
필스너
필스너
필스너
필스너
필스너
필스너
필스너
필스너
필스너
필스너
필스너
필스너
필스너
필스너
필스너
필스너
필스너
필스너
필스너
필스너
필스너
필스너
필스너
필스너
필스너
필스너
필스너
필스너
필스너
필스너
필스너
필스너
필스너
필스너
필스너
필스너
필스너
필스너
필스너
필스너
필스너
필스너
필스너
필스너
필스너
필스너
필스너
필스너
필스너
필스너
필스너
필스너
필스너
필스너
필스너
필스너
필스너
필스너
필스너
필스너
필스너
필스너
필스너
필스너
필스너
필스너
필스너
필스너
필스너
필스너
필스너
필스너
필스너
필스너
필스너
필스너
필스너
필스너
필스너
필스너
필스너
필스너
필스너
필스너
필스너
필스너
필스너
필스너
필스너
필스너
필스너
필스너
필스너
필스너
필스너
필스너
필스너
필스너
필스너
필스너
필스너
필스너
필스너
필스너
필스너
필스너
필스너
필스너
필스너
필스너
필스너
필스너
필스너
필스너
필스너
필스너
필스너
필스너
필스너
필스너
필스너
필스너
필스너
필스너
필스너
필스너
필스너
필스너
필스너
필스너
필스너
필스너
필스너
필스너
필스너
필스너
필스너
필스너
필스너
필스너
필스너
필스너
필스너
필스너
필스너
필스너
필스너
필스너
필스너
필스너
필스너
필스너
필스너
필스너
필스너
필스너
필스너
필스너
필스너
필스너
필스너
필스너
필스너
필스너
필스너
필스너
필스너
필스너
필스너
필스너
필스너
필스너
필스너
필스너
필스너
필스너
필스너
필스너
필스너
필스너
필스너
필스너
필스너
필스너
필스너
필스너
필스너
필스너
필스너
필스너
필스너
필스너
필스너
필스너
필스너
필스너
필스너
필스너
필스너
필스너
필스너
필스너
필스너
필스너
필스너
필스너
필스너
필스너
필스너
필스너
필스너
필스너
필스너
필스너
필스너
필스너
필스너
필스너
필스너
필스너
필스너
필스너
필스너
필스너
필스너
필스너
필스너
필스너
필스너
필스너
필스너
필스너
필스너
필스너
필스너
필스너
필스너
필스너
필스너
필스너
필스너
필스너
필스너
필스너
필스너
필스너
필스너
필스너
필스너
필스너
필스너
필스너
필스너
필스너
필스너
필스너
필스너
필스너
필스너
필스너
필스너
필스너
필스너
필스너
필스너
필스너
필스너
하이네켄
하이네켄
하이네켄
하이네켄
하이네켄
하이네켄
하이네켄
하이네켄
하이네켄
하이네켄
하이네켄
하이네켄
하이네켄
하이네켄
하이네켄
하이네켄
하이네켄
하이네켄
하이네켄
하이네켄
하이네켄
하이네켄
하이네켄
하이네켄
하이네켄
하이네켄
하이네켄
하이네켄
하이네켄
하이네켄
하이네켄
하이네켄
하이네켄
하이네켄
하이네켄
하이네켄
하이네켄
하이네켄
하이네켄
하이네켄
하이네켄
하이네켄
하이네켄
하이네켄
하이네켄
하이네켄
하이네켄
하이네켄
하이네켄
하이네켄
하이네켄
하이네켄
하이네켄
하이네켄
하이네켄
하이네켄
하이네켄
하이네켄
하이네켄
하이네켄
하이네켄
하이네켄
하이네켄
하이네켄
하이네켄
하이네켄
하이네켄
하이네켄
하이네켄
하이네켄
하이네켄
하이네켄
하이네켄
하이네켄
하이네켄
하이네켄
하이네켄
하이네켄
하이네켄
하이네켄
하이네켄
하이네켄
하이네켄
하이네켄
하이네켄
하이네켄
하이네켄
하이네켄
하이네켄
하이네켄
하이네켄
하이네켄
하이네켄
하이네켄
하이네켄
하이네켄
하이네켄
하이네켄
하이네켄
하이네켄
하이네켄
하이네켄
하이네켄
하이네켄
하이네켄
하이네켄
하이네켄
하이네켄
하이네켄
하이네켄
하이네켄
하이네켄
하이네켄
하이네켄
하이네켄
하이네켄
하이네켄
하이네켄
하이네켄
하이네켄
하이네켄
하이네켄
하이네켄
하이네켄
하이네켄
하이네켄
하이네켄
하이네켄
하이네켄
하이네켄
하이네켄
하이네켄
하이네켄
하이네켄
하이네켄
하이네켄
하이네켄
하이네켄
하이네켄
하이네켄
하이네켄
하이네켄
하이네켄
하이네켄
하이네켄
하이네켄
하이네켄
하이네켄
하이네켄
하이네켄
하이네켄
하이네켄
하이네켄
하이네켄
하이네켄
하이네켄
하이네켄
하이네켄
하이네켄
하이네켄
하이네켄
하이네켄
하이네켄
하이네켄
하이네켄
하이네켄
하이네켄
하이네켄
하이네켄
하이네켄
하이네켄
하이네켄
하이네켄
하이네켄
하이네켄
하이네켄
하이네켄
하이네켄
하이네켄
하이네켄
하이네켄
하이네켄
하이네켄
하이네켄
하이네켄
하이네켄
하이네켄
하이네켄
하이네켄
하이네켄
하이네켄
하이네켄
하이네켄
하이네켄
하이네켄
하이네켄
하이네켄
하이네켄
하이네켄
하이네켄
하이네켄
하이네켄
하이네켄
하이네켄
하이네켄
하이네켄
하이네켄
하이네켄
하이네켄
하이네켄
하이네켄
하이네켄
하이네켄
하이네켄
하이네켄
하이네켄
하이네켄
하이네켄
하이네켄
하이네켄
하이네켄
하이네켄
하이네켄
하이네켄
하이네켄
하이네켄
하이네켄
하이네켄
하이네켄
하이네켄
하이네켄
하이네켄
하이네켄
하이네켄
하이네켄
하이네켄
하이네켄
하이네켄
하이네켄
하이네켄
하이네켄
하이네켄
하이네켄
하이네켄
하이네켄
하이네켄
하이네켄
하이네켄
하이네켄
하이네켄
하이네켄
하이네켄
하이네켄
하이네켄
하이네켄
하이네켄
하이네켄
하이네켄
하이네켄
하이네켄
하이네켄
하이네켄
하이네켄
하이네켄
하이네켄
하이네켄
하이네켄
하이네켄
하이네켄
하이네켄
하이네켄
하이네켄
하이네켄
하이네켄
하이네켄
하이네켄
하이네켄
하이네켄
하이네켄
하이네켄
하이네켄
하이네켄
하이네켄
하이네켄
하이네켄
하이네켄
하이네켄
하이네켄
하이네켄
하이네켄
하이네켄
하이네켄
하이네켄
하이네켄
하이네켄
하이네켄
하이네켄
하이네켄
하이네켄
하이네켄
하이네켄
하이네켄
하이네켄
하이네켄
하이네켄
하이네켄
하이네켄
하이네켄
하이네켄
하이네켄
하이네켄
하이네켄
하이네켄
하이네켄
하이네켄
하이네켄
하이네켄
하이네켄
하이네켄
하이네켄
하이네켄
하이네켄
하이네켄
하이네켄
하이네켄
하이네켄
하이네켄
하이네켄
하이네켄
하이네켄
하이네켄
하이네켄
하이네켄
하이네켄
하이네켄
하이네켄
하이네켄
하이네켄
하이네켄
하이네켄
하이네켄
하이네켄
하이네켄
하이네켄
하이네켄
하이네켄
하이네켄
하이네켄
하이네켄
하이네켄
하이네켄
하이네켄
하이네켄
하이네켄
하이네켄
하이네켄
하이네켄
하이네켄
하이네켄
하이네켄
하이네켄
하이네켄
하이네켄
하이네켄
하이네켄
하이네켄
하이네켄
하이네켄
하이네켄
하이네켄
하이네켄
하이네켄
하이트
하이트
하이트
하이트
하이트
하이트
하이트
하이트
하이트
하이트
하이트
하이트
하이트
하이트
하이트
하이트
하이트
하이트
하이트
하이트
하이트
하이트
하이트
하이트
하이트
하이트
하이트
하이트
하이트
하이트
하이트
하이트
하이트
하이트
하이트
하이트
하이트
하이트
하이트
하이트
하이트
하이트
하이트
하이트
하이트
하이트
하이트
하이트
하이트
하이트
하이트
하이트
하이트
하이트
하이트
하이트
하이트
하이트
하이트
하이트
하이트
하이트
하이트
하이트
하이트
하이트
하이트
하이트
하이트
하이트
하이트
하이트
하이트
하이트
하이트
하이트
하이트
하이트
하이트
하이트
하이트
하이트
하이트
하이트
베를리너
베를리너
베를리너
베를리너
베를리너
베를리너
베를리너
베를리너
베를리너
베를리너
베를리너
베를리너
베를리너
베를리너
베를리너
베를리너
베를리너
베를리너
베를리너
베를리너
베를리너
베를리너
베를리너
베를리너
베를리너
베를리너
베를리너
베를리너
베를리너
베를리너
베를리너
베를리너
베를리너
베를리너
베를리너
베를리너
베를리너
베를리너
베를리너
베를리너
베를리너
베를리너
베를리너
베를리너
베를리너
베를리너
베를리너
베를리너
베를리너
베를리너
베를리너
베를리너
베를리너
베를리너
베를리너
베를리너
베를리너
베를리너
베를리너
베를리너
베를리너
베를리너
베를리너
베를리너
베를리너
베를리너
베를리너
베를리너
베를리너
베를리너
베를리너
베를리너
베를리너
베를리너
베를리너
베를리너
베를리너
베를리너
베를리너
베를리너
베를리너
베를리너
베를리너
베를리너
베를리너
베를리너
베를리너
베를리너
베를리너
베를리너
베를리너
베를리너
베를리너
베를리너
베를리너
베를리너
베를리너
베를리너
베를리너
베를리너
베를리너
베를리너
베를리너
베를리너
베를리너
베를리너
베를리너
베를리너
베를리너
베를리너
베를리너
베를리너
베를리너
베를리너
베를리너
베를리너
베를리너
베를리너
베를리너
베를리너
베를리너
베를리너
베를리너
베를리너
베를리너
베를리너
베를리너
베를리너
베를리너
베를리너
베를리너
베를리너
베를리너
베를리너
베를리너
베를리너
베를리너
베를리너
베를리너
베를리너
베를리너
베를리너
베를리너
베를리너
베를리너
베를리너
베를리너
베를리너
베를리너
베를리너
베를리너
베를리너
베를리너
베를리너
베를리너
베를리너
베를리너
베를리너
베를리너
베를리너
베를리너
베를리너
베를리너
베를리너
베를리너
베를리너
베를리너
베를리너
베를리너
베를리너
베를리너
베를리너
베를리너
베를리너
베를리너
베를리너
베를리너
베를리너
베를리너
베를리너
베를리너
베를리너
베를리너
베를리너
베를리너
베를리너
베를리너
베를리너
베를리너
베를리너
베를리너
베를리너
베를리너
베를리너
베를리너
베를리너
베를리너
베를리너
베를리너
베를리너
베를리너
베를리너
베를리너
베를리너
베를리너
베를리너
베를리너
베를리너
베를리너
베를리너
베를리너
베를리너
베를리너
베를리너
베를리너
베를리너
베를리너
베를리너
베를리너
베를리너
베를리너
베를리너
베를리너
베를리너
베를리너
베를리너
베를리너
베를리너
베를리너
베를리너
베를리너
베를리너
베를리너
베를리너
베를리너
베를리너
베를리너
베를리너
베를리너
베를리너
베를리너
베를리너
베를리너
베를리너
베를리너
베를리너
베를리너
베를리너
베를리너
베를리너
베를리너
베를리너
베를리너
베를리너
베를리너
베를리너
베를리너
베를리너
베를리너
베를리너
베를리너
베를리너
베를리너
베를리너
베를리너
베를리너
베를리너
베를리너
베를리너
베를리너
베를리너
베를리너
베를리너
베를리너
베를리너
베를리너
베를리너
베를리너
베를리너
베를리너
베를리너
베를리너
베를리너
베를리너
베를리너
베를리너
베를리너
베를리너
베를리너
베를리너
베를리너
베를리너
베를리너
베를리너
베를리너
베를리너
베를리너
베를리너
베를리너
베를리너
베를리너
베를리너
베를리너
베를리너
베를리너
베를리너
베를리너
베를리너
베를리너
베를리너
베를리너
베를리너
베를리너
베를리너
베를리너
베를리너
베를리너
베를리너
베를리너
베를리너
베를리너
베를리너
베를리너
베를리너
베를리너
베를리너
베를리너
베를리너
베를리너
베를리너
베를리너
베를리너
베를리너
베를리너
베를리너
베를리너
베를리너
베를리너
베를리너
베를리너
베를리너
베를리너
베를리너
베를리너
베를리너
베를리너
베를리너
베를리너
베를리너
베를리너
베를리너
베를리너
베를리너
베를리너
베를리너
베를리너
베를리너
베를리너
베를리너
베를리너
베를리너
베를리너
베를리너
베를리너
베를리너
베를리너
베를리너
베를리너
베를리너
베를리너
베를리너
베를리너
베를리너
베를리너
베를리너
베를리너
베를리너
베를리너
베를리너
베를리너
베를리너
베를리너
베를리너
베를리너
베를리너
베를리너
베를리너
베를리너
베를리너
베를리너
베를리너
베를리너
베를리너
베를리너
베를리너
베를리너
블랑
블랑
블랑
블랑
블랑
블랑
블랑
블랑
블랑
블랑
블랑
블랑
블랑
블랑
블랑
블랑
블랑
블랑
블랑
블랑
블랑
블랑
블랑
블랑
블랑
블랑
블랑
블랑
블랑
블랑
블랑
블랑
블랑
블랑
블랑
블랑
블랑
블랑
블랑
블랑
블랑
블랑
블랑
블랑
블랑
블랑
블랑
블랑
블랑
블랑
블랑
블랑
블랑
블랑
블랑
블랑
블랑
블랑
블랑
블랑
블랑
블랑
블랑
블랑
블랑
블랑
블랑
블랑
블랑
블랑
블랑
블랑
블랑
블랑
블랑
블랑
블랑
블랑
블랑
블랑
블랑
블랑
블랑
블랑
블랑
블랑
블랑
블랑
블랑
블랑
블랑
블랑
블랑
블랑
블랑
블랑
블랑
블랑
블랑
블랑
블랑
블랑
블랑
블랑
블랑
블랑
블랑
블랑
블랑
블랑
블랑
블랑
블랑
블랑
블랑
블랑
블랑
블랑
블랑
블랑
블랑
블랑
블랑
블랑
블랑
블랑
블랑
블랑
블랑
블랑
블랑
블랑
블랑
블랑
블랑
블랑
블랑
블랑
블랑
블랑
블랑
블랑
블랑
블랑
블랑
블랑
블랑
블랑
블랑
블랑
블랑
블랑
블랑
블랑
블랑
블랑
블랑
블랑
블랑
블랑
블랑
블랑
블랑
블랑
블랑
블랑
블랑
블랑
블랑
블랑
블랑
블랑
블랑
블랑
블랑
블랑
블랑
블랑
블랑
블랑
블랑
블랑
블랑
블랑
블랑
블랑
블랑
블랑
블랑
블랑
블랑
블랑
블랑
블랑
블랑
블랑
블랑
블랑
블랑
블랑
블랑
블랑
블랑
블랑
블랑
블랑
블랑
블랑
블랑
블랑
블랑
블랑
블랑
블랑
블랑
블랑
블랑
블랑
블랑
블랑
블랑
블랑
블랑
블랑
블랑
블랑
블랑
블랑
블랑
블랑
블랑
블랑
블랑
블랑
블랑
블랑
블랑
블랑
블랑
블랑
블랑
블랑
블랑
블랑
블랑
블랑
블랑
블랑
블랑
블랑
블랑
블랑
블랑
블랑
블랑
블랑
블랑
블랑
블랑
블랑
블랑
블랑
블랑
블랑
블랑
블랑
블랑
블랑
블랑
블랑
블랑
블랑
블랑
블랑
블랑
블랑
블랑
블랑
블랑
블랑
블랑
블랑
블랑
블랑
블랑
블랑
블랑
블랑
블랑
블랑
블랑
블랑
블랑
블랑
블랑
블랑
블랑
블랑
블랑
블랑
블랑
블랑
블랑
블랑
블랑
블랑
블랑
블랑
블랑
블랑
블랑
블랑
블랑
블랑
블랑
블랑
블랑
블랑
블랑
블랑
블랑
블랑
블랑
블랑
블랑
블랑
블랑
블랑
블랑
블랑
블랑
블랑
블랑
블랑
블랑
블랑
블랑
블랑
블랑
블랑
블랑
블랑
블랑
블랑
블랑
블랑
블랑
블랑
블랑
블랑
블랑
블랑
블랑
블랑
블랑
블랑
블랑
블랑
블랑
블랑
블랑
블랑
블랑
블랑
블랑
블랑
블랑
블랑
블랑
블랑
블랑
블랑
블랑
블랑
블랑
블랑
블랑
블랑
블랑
블랑
블랑
블랑
블랑
블랑
블랑
블랑
블랑
블랑
블랑
블랑
블랑
블랑
블랑
블랑
블랑
블랑
블랑
블랑
블랑
블랑
블랑
블랑
블랑
블랑
블랑
블랑
블랑
블랑
블랑
블랑
블랑
블랑
블랑
블랑
블랑
블랑
블랑
블랑
블랑
블랑
블랑
블랑
블랑
블랑
블랑
블랑
블랑
블랑
블랑
블랑
블랑
블랑
블랑
블랑
블랑
블랑
블랑
블랑
블랑
블랑
블랑
블랑
블랑
블랑
블랑
블랑
블랑
블랑
블랑
블랑
블랑
블랑
블랑
블랑
블랑
블랑
블랑
블랑
블랑
블랑
블랑
블랑
블랑
블랑
블랑
블랑
블랑
블랑
블랑
블랑
블랑
블랑
블랑
블랑
블랑
블랑
블랑
블랑
블랑
블랑
블랑
블랑
블랑
블랑
블랑
블랑
블랑
블랑
블랑
블랑
블랑
블랑
블랑
블랑
블랑
블랑
블랑
블랑
블랑
블랑
블랑
블랑
블랑
블랑
블랑
블랑
블랑
블랑
블랑
블랑
블랑
블랑
블랑
블랑
블랑
블랑
블랑
블랑
블랑
블랑
블랑
블랑
블랑
블랑
블랑
블랑
블랑
블랑
블랑
블랑
블랑
블랑
블랑
블랑
블랑
블랑
블랑
블랑
블랑
블랑
블랑
블랑
블랑
블랑
블랑
블랑
블랑
블랑
블랑
블랑
블랑
블랑
블랑
블랑
블랑
블랑
블랑
블랑
블랑
블랑
블랑
블랑
블랑
블랑
블랑
블랑
블랑
블랑
블랑
블랑
블랑
블랑
블랑
블랑
블랑
블랑
블랑
블랑
블랑
블랑
블랑
블랑
블랑
블랑
블랑
블랑
블랑
블랑
블랑
블랑
블랑
블랑
블랑
블랑
블랑
블랑
블랑
블랑
블랑
블랑
블랑
블랑
블랑
블랑
블랑
블랑
블랑
블랑
블랑
블랑
블랑
블랑
블랑
블랑
블랑
블랑
블랑
블랑
블랑
블랑
블랑
블랑
블랑
블랑
블랑
블랑
블랑
블랑
블랑
블랑
블랑
블랑
블랑
블랑
블랑
블랑
블랑
블랑
블랑
블랑
블랑
블랑
블랑
블랑
블랑
블랑
블랑
블랑
블랑
블랑
블랑
블랑
블랑
블랑
블랑
블랑
블랑
블랑
블랑
블랑
블랑
블랑
블랑
블랑
블랑
블랑
블랑
블랑
블랑
블랑
블랑
블랑
블랑
블랑
블랑
블랑
블랑
블랑
블랑
블랑
블랑
블랑
블랑
블랑
블랑
블랑
블랑
블랑
블랑
블랑
블랑
블랑
블랑
블랑
블랑
블랑
블랑
블랑
블랑
블랑
블랑
블랑
블랑
블랑
블랑
블랑
블랑
블랑
블랑
블랑
블랑
블랑
블랑
블랑
블랑
블랑
블랑
블랑
블랑
블랑
블랑
블랑
블랑
블랑
블랑
블랑
블랑
블랑
블랑
블랑
블랑
블랑
블랑
블랑
블랑
블랑
블랑
블랑
블랑
블랑
블랑
블랑
블랑
블랑
블랑
블랑
블랑
블랑
블랑
블랑
블랑
블랑
블랑
블랑
블랑
블랑
블랑
블랑
블랑
블랑
블랑
블랑
블랑
블랑
블랑
블랑
블랑
블랑
블랑
블랑
블랑
블랑
블랑
블랑
블랑
블랑
블랑
블랑
블랑
블랑
블랑
블랑
블랑
블랑
블랑
블랑
블랑
블랑
블랑
블랑
블랑
블랑
블랑
블랑
블랑
블랑
블랑
블랑
블랑
블랑
블랑
블랑
블랑
블랑
블랑
블랑
블랑
블랑
블랑
블랑
블랑
블랑
블랑
블랑
블랑
블랑
블랑
블랑
블랑
블랑
블랑
블랑
블랑
블랑
블랑
블랑
블랑
블랑
블랑
블랑
블랑
블랑
블랑
블랑
블랑
블랑
블랑
블랑
블랑
블랑
블랑
블랑
블랑
블랑
블랑
블랑
블랑
블랑
블랑
블랑
블랑
블랑
블랑
블랑
블랑
블랑
블랑
블랑
블랑
블랑
블랑
블랑
블랑
블랑
블랑
블랑
블랑
블랑
블랑
블랑
블랑
블랑
블랑
블랑
블랑
블랑
블랑
블랑
블랑
블랑
블랑
블랑
블랑
블랑
블랑
블랑
블랑
블랑
블랑
블랑
블랑
블랑
블랑
블랑
블랑
블랑
블랑
블랑
블랑
블랑
블랑
블랑
블랑
블랑
블랑
블랑
블랑
블랑
블랑
블랑
블랑
블랑
블랑
블랑
블랑
블랑
블랑
블랑
블랑
블랑
블랑
블랑
블랑
블랑
블랑
블랑
블랑
블랑
블랑
블랑
블랑
블랑
블랑
삿포로
삿포로
삿포로
삿포로
삿포로
삿포로
삿포로
삿포로
삿포로
삿포로
삿포로
삿포로
삿포로
삿포로
삿포로
삿포로
삿포로
삿포로
삿포로
삿포로
삿포로
삿포로
삿포로
삿포로
삿포로
삿포로
삿포로
삿포로
삿포로
삿포로
삿포로
삿포로
삿포로
삿포로
삿포로
삿포로
삿포로
삿포로
삿포로
삿포로
삿포로
삿포로
삿포로
삿포로
삿포로
삿포로
삿포로
삿포로
삿포로
삿포로
삿포로
삿포로
삿포로
삿포로
삿포로
삿포로
삿포로
삿포로
삿포로
삿포로
삿포로
삿포로
삿포로
삿포로
삿포로
삿포로
삿포로
삿포로
삿포로
삿포로
삿포로
삿포로
삿포로
삿포로
삿포로
삿포로
삿포로
삿포로
삿포로
삿포로
삿포로
삿포로
삿포로
삿포로
삿포로
삿포로
삿포로
삿포로
삿포로
삿포로
삿포로
삿포로
삿포로
삿포로
삿포로
삿포로
삿포로
삿포로
삿포로
삿포로
삿포로
삿포로
삿포로
삿포로
삿포로
삿포로
삿포로
삿포로
삿포로
삿포로
삿포로
삿포로
삿포로
삿포로
삿포로
삿포로
삿포로
삿포로
삿포로
삿포로
삿포로
삿포로
삿포로
삿포로
삿포로
삿포로
삿포로
삿포로
삿포로
삿포로
삿포로
삿포로
삿포로
삿포로
삿포로
삿포로
삿포로
삿포로
삿포로
삿포로
삿포로
삿포로
삿포로
삿포로
삿포로
삿포로
삿포로
삿포로
삿포로
삿포로
삿포로
삿포로
삿포로
삿포로
삿포로
삿포로
삿포로
삿포로
삿포로
삿포로
삿포로
삿포로
삿포로
삿포로
삿포로
삿포로
삿포로
삿포로
삿포로
삿포로
삿포로
삿포로
삿포로
삿포로
삿포로
삿포로
삿포로
삿포로
삿포로
삿포로
삿포로
삿포로
삿포로
삿포로
삿포로
삿포로
삿포로
삿포로
삿포로
삿포로
삿포로
삿포로
삿포로
삿포로
삿포로
삿포로
삿포로
삿포로
삿포로
삿포로
삿포로
삿포로
삿포로
삿포로
삿포로
삿포로
삿포로
삿포로
삿포로
삿포로
삿포로
삿포로
삿포로
삿포로
삿포로
삿포로
삿포로
삿포로
삿포로
삿포로
삿포로
삿포로
삿포로
삿포로
삿포로
삿포로
삿포로
삿포로
삿포로
삿포로
삿포로
삿포로
삿포로
삿포로
삿포로
삿포로
삿포로
삿포로
삿포로
삿포로
삿포로
삿포로
삿포로
삿포로
삿포로
삿포로
삿포로
삿포로
삿포로
삿포로
삿포로
삿포로
삿포로
삿포로
삿포로
삿포로
삿포로
삿포로
삿포로
삿포로
삿포로
삿포로
삿포로
삿포로
삿포로
삿포로
삿포로
삿포로
삿포로
삿포로
삿포로
삿포로
삿포로
삿포로
삿포로
삿포로
삿포로
삿포로
삿포로
삿포로
삿포로
삿포로
삿포로
삿포로
삿포로
삿포로
삿포로
삿포로
삿포로
삿포로
삿포로
삿포로
삿포로
삿포로
삿포로
삿포로
삿포로
삿포로
삿포로
삿포로
삿포로
삿포로
삿포로
삿포로
삿포로
삿포로
삿포로
삿포로
삿포로
삿포로
삿포로
삿포로
삿포로
삿포로
삿포로
삿포로
삿포로
삿포로
삿포로
삿포로
삿포로
삿포로
삿포로
삿포로
삿포로
삿포로
삿포로
삿포로
삿포로
삿포로
삿포로
삿포로
삿포로
삿포로
삿포로
삿포로
삿포로
삿포로
삿포로
삿포로
삿포로
삿포로
삿포로
삿포로
삿포로
삿포로
삿포로
삿포로
삿포로
삿포로
삿포로
삿포로
삿포로
삿포로
삿포로
삿포로
삿포로
삿포로
삿포로
삿포로
삿포로
삿포로
삿포로
삿포로
삿포로
삿포로
삿포로
삿포로
삿포로
삿포로
삿포로
삿포로
삿포로
삿포로
삿포로
삿포로
삿포로
삿포로
삿포로
삿포로
삿포로
삿포로
삿포로
삿포로
삿포로
삿포로
삿포로
삿포로
삿포로
삿포로
삿포로
삿포로
삿포로
삿포로
삿포로
삿포로
삿포로
삿포로
삿포로
삿포로
삿포로
삿포로
삿포로
삿포로
삿포로
삿포로
삿포로
삿포로
삿포로
삿포로
삿포로
삿포로
삿포로
삿포로
삿포로
삿포로
삿포로
삿포로
삿포로
삿포로
삿포로
삿포로
삿포로
삿포로
삿포로
삿포로
삿포로
삿포로
삿포로
삿포로
삿포로
삿포로
삿포로
삿포로
삿포로
삿포로
삿포로
삿포로
삿포로
삿포로
삿포로
삿포로
삿포로
삿포로
삿포로
삿포로
삿포로
삿포로
삿포로
삿포로
삿포로
삿포로
삿포로
삿포로
삿포로
삿포로
삿포로
삿포로
삿포로
삿포로
삿포로
삿포로
삿포로
삿포로
삿포로
삿포로
삿포로
삿포로
삿포로
삿포로
삿포로
삿포로
삿포로
삿포로
삿포로
삿포로
삿포로
삿포로
삿포로
삿포로
삿포로
삿포로
삿포로
삿포로
삿포로
삿포로
삿포로
삿포로
삿포로
삿포로
삿포로
삿포로
삿포로
삿포로
삿포로
삿포로
삿포로
삿포로
삿포로
삿포로
삿포로
삿포로
삿포로
삿포로
삿포로
삿포로
삿포로
삿포로
삿포로
삿포로
삿포로
삿포로
삿포로
삿포로
삿포로
삿포로
삿포로
삿포로
삿포로
삿포로
삿포로
삿포로
삿포로
삿포로
삿포로
삿포로
삿포로
삿포로
삿포로
삿포로
삿포로
삿포로
삿포로
삿포로
삿포로
삿포로
삿포로
삿포로
삿포로
삿포로
삿포로
삿포로
삿포로
삿포로
삿포로
삿포로
삿포로
삿포로
삿포로
삿포로
삿포로
삿포로
삿포로
삿포로
삿포로
삿포로
삿포로
삿포로
삿포로
삿포로
삿포로
삿포로
삿포로
삿포로
삿포로
삿포로
삿포로
삿포로
삿포로
삿포로
삿포로
삿포로
삿포로
삿포로
삿포로
삿포로
삿포로
삿포로
삿포로
삿포로
삿포로
삿포로
삿포로
삿포로
삿포로
삿포로
삿포로
삿포로
삿포로
삿포로
삿포로
삿포로
삿포로
삿포로
삿포로
삿포로
삿포로
삿포로
삿포로
삿포로
삿포로
삿포로
삿포로
삿포로
삿포로
삿포로
삿포로
삿포로
삿포로
삿포로
삿포로
삿포로
삿포로
삿포로
삿포로
삿포로
삿포로
삿포로
삿포로
삿포로
삿포로
삿포로
삿포로
삿포로
삿포로
삿포로
삿포로
삿포로
삿포로
삿포로
삿포로
삿포로
삿포로
삿포로
삿포로
삿포로
삿포로
삿포로
삿포로
삿포로
삿포로
삿포로
삿포로
삿포로
삿포로
삿포로
삿포로
삿포로
삿포로
삿포로
삿포로
삿포로
삿포로
삿포로
삿포로
삿포로
삿포로
삿포로
삿포로
삿포로
삿포로
삿포로
삿포로
삿포로
삿포로
삿포로
삿포로
삿포로
삿포로
삿포로
삿포로
삿포로
삿포로
삿포로
삿포로
삿포로
삿포로
삿포로
삿포로
삿포로
삿포로
삿포로
삿포로
삿포로
삿포로
삿포로
삿포로
삿포로
삿포로
삿포로
삿포로
삿포로
삿포로
삿포로
삿포로
삿포로
삿포로
삿포로
삿포로
삿포로
삿포로
삿포로
삿포로
삿포로
삿포로
삿포로
삿포로
삿포로
삿포로
삿포로
삿포로
삿포로
삿포로
삿포로
삿포로
삿포로
삿포로
삿포로
삿포로
삿포로
삿포로
삿포로
삿포로
삿포로
삿포로
삿포로
삿포로
삿포로
삿포로
삿포로
삿포로
삿포로
삿포로
삿포로
삿포로
삿포로
삿포로
삿포로
삿포로
삿포로
삿포로
삿포로
삿포로
삿포로
삿포로
삿포로
삿포로
삿포로
삿포로
삿포로
삿포로
삿포로
삿포로
삿포로
삿포로
삿포로
삿포로
삿포로
삿포로
삿포로
삿포로
삿포로
삿포로
삿포로
삿포로
삿포로
삿포로
삿포로
삿포로
삿포로
삿포로
삿포로
삿포로
삿포로
삿포로
삿포로
삿포로
삿포로
삿포로
삿포로
삿포로
삿포로
삿포로
삿포로
삿포로
삿포로
삿포로
삿포로
삿포로
삿포로
삿포로
삿포로
삿포로
삿포로
삿포로
삿포로
삿포로
삿포로
삿포로
삿포로
삿포로
삿포로
삿포로
삿포로
삿포로
삿포로
삿포로
삿포로
삿포로
삿포로
삿포로
삿포로
삿포로
삿포로
삿포로
삿포로
삿포로
삿포로
삿포로
삿포로
삿포로
삿포로
삿포로
삿포로
삿포로
삿포로
삿포로
삿포로
삿포로
삿포로
삿포로
삿포로
삿포로
삿포로
삿포로
삿포로
삿포로
삿포로
삿포로
삿포로
삿포로
삿포로
삿포로
삿포로
삿포로
삿포로
삿포로
삿포로
삿포로
삿포로
삿포로
삿포로
삿포로
삿포로
삿포로
삿포로
삿포로
삿포로
삿포로
삿포로
삿포로
삿포로
삿포로
삿포로
삿포로
삿포로
삿포로
삿포로
삿포로
삿포로
삿포로
삿포로
삿포로
삿포로
삿포로
삿포로
삿포로
삿포로
삿포로
삿포로
삿포로
삿포로
삿포로
삿포로
삿포로
삿포로
삿포로
삿포로
삿포로
삿포로
삿포로
삿포로
삿포로
삿포로
삿포로
삿포로
삿포로
삿포로
삿포로
삿포로
삿포로
삿포로
삿포로
삿포로
삿포로
삿포로
삿포로
삿포로
삿포로
삿포로
삿포로
삿포로
삿포로
삿포로
삿포로
삿포로
삿포로
삿포로
삿포로
삿포로
삿포로
삿포로
삿포로
삿포로
삿포로
삿포로
삿포로
삿포로
삿포로
삿포로
삿포로
삿포로
삿포로
삿포로
삿포로
삿포로
삿포로
삿포로
삿포로
삿포로
삿포로
삿포로
삿포로
삿포로
삿포로
삿포로
삿포로
삿포로
삿포로
삿포로
삿포로
삿포로
삿포로
삿포로
삿포로
삿포로
삿포로
삿포로
삿포로
삿포로
삿포로
삿포로
삿포로
삿포로
삿포로
삿포로
삿포로
삿포로
삿포로
삿포로
삿포로
삿포로
삿포로
삿포로
삿포로
삿포로
삿포로
삿포로
삿포로
삿포로
삿포로
삿포로
삿포로
삿포로
삿포로
삿포로
삿포로
삿포로
삿포로
삿포로
삿포로
삿포로
삿포로
삿포로
삿포로
삿포로
삿포로
삿포로
삿포로
삿포로
삿포로
삿포로
삿포로
삿포로
삿포로
삿포로
삿포로
삿포로
삿포로
삿포로
삿포로
삿포로
삿포로
삿포로
삿포로
삿포로
삿포로
삿포로
삿포로
삿포로
삿포로
삿포로
삿포로
삿포로
삿포로
삿포로
삿포로
삿포로
삿포로
삿포로
삿포로
삿포로
삿포로
삿포로
삿포로
삿포로
삿포로
삿포로
삿포로
삿포로
삿포로
삿포로
삿포로
삿포로
삿포로
삿포로
삿포로
삿포로
삿포로
삿포로
삿포로
삿포로
삿포로
삿포로
삿포로
삿포로
삿포로
삿포로
삿포로
삿포로
삿포로
삿포로
삿포로
삿포로
삿포로
삿포로
삿포로
삿포로
삿포로
삿포로
삿포로
삿포로
삿포로
삿포로
삿포로
삿포로
삿포로
삿포로
삿포로
삿포로
삿포로
삿포로
삿포로
삿포로
삿포로
삿포로
삿포로
삿포로
삿포로
삿포로
삿포로
삿포로
삿포로
삿포로
삿포로
삿포로
삿포로
삿포로
삿포로
삿포로
삿포로
삿포로
삿포로
삿포로
삿포로
삿포로
삿포로
삿포로
삿포로
삿포로
삿포로
삿포로
삿포로
삿포로
삿포로
삿포로
삿포로
삿포로
삿포로
삿포로
삿포로
삿포로
삿포로
삿포로
삿포로
삿포로
삿포로
삿포로
삿포로
삿포로
삿포로
삿포로
삿포로
삿포로
삿포로
삿포로
삿포로
삿포로
삿포로
삿포로
삿포로
삿포로
삿포로
삿포로
삿포로
삿포로
삿포로
삿포로
삿포로
삿포로
삿포로
삿포로
삿포로
삿포로
삿포로
삿포로
삿포로
삿포로
삿포로
삿포로
삿포로
삿포로
삿포로
삿포로
삿포로
삿포로
삿포로
삿포로
삿포로
삿포로
삿포로
삿포로
삿포로
삿포로
삿포로
삿포로
삿포로
삿포로
삿포로
삿포로
삿포로
삿포로
삿포로
삿포로
삿포로
삿포로
삿포로
삿포로
삿포로
삿포로
삿포로
삿포로
삿포로
삿포로
삿포로
삿포로
삿포로
삿포로
삿포로
삿포로
삿포로
삿포로
삿포로
삿포로
삿포로
삿포로
삿포로
삿포로
삿포로
삿포로
삿포로
삿포로
삿포로
삿포로
삿포로
삿포로
삿포로
삿포로
삿포로
삿포로
삿포로
삿포로
삿포로
삿포로
삿포로
삿포로
삿포로
삿포로
삿포로
삿포로
삿포로
삿포로
삿포로
삿포로
삿포로
삿포로
삿포로
삿포로
삿포로
삿포로
삿포로
삿포로
삿포로
삿포로
삿포로
삿포로
삿포로
삿포로
삿포로
삿포로
삿포로
삿포로
삿포로
삿포로
삿포로
삿포로
삿포로
삿포로
삿포로
삿포로
삿포로
삿포로
삿포로
삿포로
삿포로
삿포로
삿포로
삿포로
삿포로
삿포로
삿포로
삿포로
삿포로
삿포로
삿포로
삿포로
삿포로
삿포로
삿포로
삿포로
삿포로
삿포로
삿포로
삿포로
삿포로
삿포로
삿포로
삿포로
삿포로
삿포로
삿포로
삿포로
삿포로
삿포로
삿포로
삿포로
삿포로
삿포로
삿포로
삿포로
삿포로
삿포로
삿포로
삿포로
삿포로
삿포로
삿포로
삿포로
삿포로
삿포로
삿포로
삿포로
삿포로
삿포로
삿포로
삿포로
삿포로
삿포로
삿포로
삿포로
삿포로
삿포로
삿포로
삿포로
삿포로
삿포로
삿포로
삿포로
삿포로
삿포로
삿포로
삿포로
삿포로
삿포로
삿포로
삿포로
삿포로
삿포로
삿포로
삿포로
삿포로
삿포로
삿포로
삿포로
삿포로
삿포로
삿포로
삿포로
삿포로
삿포로
삿포로
삿포로
삿포로
삿포로
삿포로
삿포로
삿포로
삿포로
삿포로
삿포로
삿포로
삿포로
삿포로
삿포로
삿포로
삿포로
삿포로
삿포로
삿포로
삿포로
삿포로
삿포로
삿포로
삿포로
삿포로
삿포로
삿포로
삿포로
삿포로
삿포로
삿포로
삿포로
삿포로
삿포로
삿포로
삿포로
삿포로
삿포로
삿포로
삿포로
삿포로
삿포로
삿포로
삿포로
삿포로
삿포로
삿포로
삿포로
삿포로
삿포로
삿포로
삿포로
삿포로
삿포로
삿포로
삿포로
삿포로
삿포로
삿포로
삿포로
삿포로
삿포로
삿포로
삿포로
삿포로
삿포로
삿포로
삿포로
삿포로
삿포로
삿포로
삿포로
삿포로
삿포로
삿포로
삿포로
삿포로
삿포로
삿포로
삿포로
삿포로
삿포로
삿포로
삿포로
삿포로
삿포로
삿포로
삿포로
삿포로
삿포로
삿포로
삿포로
삿포로
삿포로
삿포로
삿포로
삿포로
삿포로
삿포로
삿포로
삿포로
삿포로
삿포로
삿포로
삿포로
삿포로
삿포로
삿포로
삿포로
삿포로
삿포로
삿포로
삿포로
삿포로
삿포로
삿포로
삿포로
삿포로
삿포로
삿포로
삿포로
삿포로
삿포로
삿포로
삿포로
삿포로
삿포로
삿포로
삿포로
삿포로
삿포로
삿포로
삿포로
삿포로
삿포로
삿포로
삿포로
삿포로
삿포로
삿포로
삿포로
삿포로
삿포로
삿포로
삿포로
삿포로
삿포로
삿포로
삿포로
삿포로
삿포로
삿포로
삿포로
삿포로
삿포로
삿포로
삿포로
삿포로
삿포로
삿포로
삿포로
삿포로
삿포로
삿포로
삿포로
삿포로
삿포로
삿포로
삿포로
삿포로
삿포로
삿포로
삿포로
삿포로
삿포로
삿포로
삿포로
삿포로
삿포로
삿포로
삿포로
삿포로
삿포로
삿포로
삿포로
삿포로
삿포로
삿포로
삿포로
삿포로
삿포로
삿포로
삿포로
삿포로
삿포로
삿포로
삿포로
삿포로
삿포로
삿포로
삿포로
삿포로
삿포로
삿포로
삿포로
삿포로
삿포로
삿포로
삿포로
삿포로
삿포로
삿포로
삿포로
삿포로
삿포로
삿포로
삿포로
삿포로
삿포로
삿포로
삿포로
삿포로
삿포로
삿포로
삿포로
삿포로
삿포로
삿포로
삿포로
삿포로
삿포로
삿포로
삿포로
삿포로
삿포로
삿포로
삿포로
삿포로
삿포로
삿포로
삿포로
삿포로
삿포로
삿포로
삿포로
삿포로
삿포로
삿포로
삿포로
삿포로
삿포로
삿포로
삿포로
삿포로
삿포로
삿포로
삿포로
삿포로
삿포로
삿포로
삿포로
삿포로
삿포로
삿포로
삿포로
삿포로
삿포로
삿포로
삿포로
삿포로
삿포로
삿포로
삿포로
삿포로
삿포로
삿포로
삿포로
삿포로
삿포로
삿포로
삿포로
삿포로
삿포로
삿포로
삿포로
삿포로
삿포로
삿포로
삿포로
삿포로
삿포로
삿포로
삿포로
삿포로
삿포로
삿포로
삿포로
삿포로
삿포로
삿포로
삿포로
삿포로
삿포로
삿포로
삿포로
삿포로
삿포로
삿포로
삿포로
삿포로
삿포로
삿포로
삿포로
삿포로
삿포로
삿포로
삿포로
삿포로
삿포로
삿포로
삿포로
삿포로
삿포로
삿포로
삿포로
삿포로
삿포로
삿포로
삿포로
삿포로
삿포로
삿포로
삿포로
삿포로
삿포로
삿포로
삿포로
삿포로
삿포로
삿포로
삿포로
삿포로
삿포로
삿포로
삿포로
삿포로
삿포로
삿포로
삿포로
삿포로
삿포로
삿포로
삿포로
삿포로
삿포로
삿포로
삿포로
삿포로
삿포로
삿포로
삿포로
삿포로
삿포로
삿포로
삿포로
삿포로
삿포로
삿포로
삿포로
삿포로
삿포로
삿포로
삿포로
삿포로
삿포로
삿포로
삿포로
삿포로
삿포로
삿포로
삿포로
삿포로
삿포로
삿포로
삿포로
삿포로
삿포로
삿포로
삿포로
삿포로
삿포로
삿포로
삿포로
삿포로
삿포로
삿포로
삿포로
삿포로
삿포로
삿포로
삿포로
삿포로
삿포로
삿포로
삿포로
삿포로
삿포로
삿포로
삿포로
삿포로
삿포로
삿포로
삿포로
삿포로
삿포로
삿포로
삿포로
삿포로
삿포로
삿포로
삿포로
삿포로
삿포로
삿포로
삿포로
삿포로
삿포로
삿포로
삿포로
삿포로
삿포로
삿포로
삿포로
삿포로
삿포로
삿포로
삿포로
삿포로
삿포로
삿포로
삿포로
삿포로
삿포로
삿포로
삿포로
삿포로
삿포로
삿포로
삿포로
삿포로
삿포로
삿포로
삿포로
삿포로
삿포로
삿포로
삿포로
삿포로
삿포로
삿포로
삿포로
삿포로
삿포로
삿포로
삿포로
삿포로
삿포로
삿포로
삿포로
삿포로
삿포로
삿포로
삿포로
삿포로
삿포로
삿포로
삿포로
삿포로
삿포로
삿포로
삿포로
삿포로
삿포로
삿포로
삿포로
삿포로
삿포로
삿포로
삿포로
삿포로
삿포로
삿포로
삿포로
삿포로
삿포로
삿포로
삿포로
삿포로
삿포로
삿포로
삿포로
삿포로
삿포로
삿포로
삿포로
삿포로
삿포로
삿포로
삿포로
삿포로
삿포로
삿포로
삿포로
삿포로
삿포로
삿포로
삿포로
삿포로
삿포로
삿포로
삿포로
삿포로
삿포로
삿포로
삿포로
삿포로
삿포로
삿포로
삿포로
삿포로
삿포로
삿포로
삿포로
삿포로
삿포로
삿포로
삿포로
삿포로
삿포로
삿포로
삿포로
삿포로
삿포로
삿포로
삿포로
삿포로
삿포로
삿포로
삿포로
삿포로
삿포로
삿포로
삿포로
삿포로
삿포로
삿포로
삿포로
삿포로
삿포로
삿포로
삿포로
삿포로
삿포로
삿포로
삿포로
삿포로
삿포로
삿포로
삿포로
삿포로
삿포로
삿포로
삿포로
삿포로
삿포로
삿포로
삿포로
삿포로
삿포로
삿포로
삿포로
삿포로
삿포로
삿포로
삿포로
삿포로
삿포로
삿포로
삿포로
삿포로
삿포로
삿포로
삿포로
삿포로
삿포로
삿포로
삿포로
삿포로
삿포로
삿포로
삿포로
삿포로
삿포로
삿포로
삿포로
삿포로
삿포로
삿포로
삿포로
삿포로
삿포로
삿포로
삿포로
삿포로
삿포로
삿포로
삿포로
삿포로
삿포로
삿포로
삿포로
삿포로
삿포로
삿포로
삿포로
삿포로
삿포로
삿포로
삿포로
삿포로
삿포로
삿포로
삿포로
삿포로
삿포로
삿포로
삿포로
삿포로
삿포로
삿포로
삿포로
삿포로
삿포로
삿포로
삿포로
삿포로
삿포로
삿포로
삿포로
삿포로
삿포로
삿포로
삿포로
삿포로
삿포로
삿포로
삿포로
삿포로
삿포로
삿포로
삿포로
삿포로
삿포로
삿포로
삿포로
삿포로
삿포로
삿포로
삿포로
삿포로
삿포로
삿포로
삿포로
삿포로
삿포로
삿포로
삿포로
삿포로
삿포로
삿포로
삿포로
삿포로
삿포로
삿포로
삿포로
삿포로
스텔라
스텔라
스텔라
스텔라
스텔라
스텔라
스텔라
스텔라
스텔라
스텔라
스텔라
스텔라
스텔라
스텔라
스텔라
스텔라
스텔라
스텔라
스텔라
스텔라
스텔라
스텔라
스텔라
스텔라
스텔라
스텔라
스텔라
스텔라
스텔라
스텔라
스텔라
스텔라
스텔라
스텔라
스텔라
스텔라
스텔라
스텔라
스텔라
스텔라
스텔라
스텔라
스텔라
스텔라
스텔라
스텔라
스텔라
스텔라
스텔라
스텔라
스텔라
스텔라
스텔라
스텔라
스텔라
스텔라
스텔라
스텔라
스텔라
스텔라
스텔라
스텔라
스텔라
스텔라
스텔라
스텔라
스텔라
스텔라
스텔라
스텔라
스텔라
스텔라
스텔라
스텔라
스텔라
스텔라
스텔라
스텔라
스텔라
스텔라
스텔라
스텔라
스텔라
스텔라
스텔라
스텔라
스텔라
스텔라
스텔라
스텔라
스텔라
스텔라
스텔라
스텔라
스텔라
스텔라
스텔라
스텔라
스텔라
스텔라
스텔라
스텔라
스텔라
스텔라
스텔라
스텔라
스텔라
스텔라
스텔라
스텔라
스텔라
스텔라
스텔라
스텔라
스텔라
스텔라
스텔라
스텔라
스텔라
스텔라
스텔라
스텔라
스텔라
스텔라
스텔라
스텔라
스텔라
스텔라
스텔라
스텔라
스텔라
스텔라
스텔라
스텔라
스텔라
스텔라
스텔라
스텔라
스텔라
스텔라
스텔라
스텔라
스텔라
스텔라
스텔라
스텔라
스텔라
스텔라
스텔라
스텔라
스텔라
스텔라
스텔라
스텔라
스텔라
스텔라
스텔라
스텔라
스텔라
스텔라
스텔라
스텔라
스텔라
스텔라
스텔라
스텔라
스텔라
스텔라
스텔라
스텔라
스텔라
스텔라
스텔라
스텔라
스텔라
스텔라
스텔라
스텔라
스텔라
스텔라
스텔라
스텔라
스텔라
스텔라
스텔라
스텔라
스텔라
스텔라
스텔라
스텔라
스텔라
스텔라
스텔라
스텔라
스텔라
스텔라
스텔라
스텔라
스텔라
스텔라
스텔라
스텔라
스텔라
스텔라
스텔라
스텔라
스텔라
스텔라
스텔라
스텔라
스텔라
스텔라
스텔라
스텔라
스텔라
스텔라
스텔라
스텔라
스텔라
스텔라
스텔라
스텔라
스텔라
스텔라
스텔라
스텔라
스텔라
스텔라
스텔라
스텔라
스텔라
스텔라
스텔라
스텔라
스텔라
스텔라
스텔라
스텔라
스텔라
스텔라
스텔라
스텔라
스텔라
스텔라
스텔라
스텔라
스텔라
스텔라
스텔라
스텔라
스텔라
스텔라
스텔라
스텔라
스텔라
스텔라
스텔라
스텔라
스텔라
스텔라
스텔라
스텔라
스텔라
스텔라
스텔라
스텔라
스텔라
스텔라
스텔라
스텔라
스텔라
스텔라
스텔라
스텔라
스텔라
스텔라
스텔라
스텔라
스텔라
스텔라
스텔라
스텔라
스텔라
스텔라
스텔라
스텔라
스텔라
스텔라
스텔라
스텔라
스텔라
스텔라
스텔라
스텔라
스텔라
스텔라
스텔라
스텔라
스텔라
스텔라
스텔라
스텔라
스텔라
스텔라
스텔라
스텔라
스텔라
스텔라
스텔라
스텔라
스텔라
스텔라
스텔라
스텔라
스텔라
스텔라
스텔라
스텔라
스텔라
스텔라
스텔라
스텔라
스텔라
스텔라
스텔라
스텔라
스텔라
스텔라
스텔라
스텔라
스텔라
스텔라
스텔라
스텔라
스텔라
스텔라
스텔라
스텔라
스텔라
스텔라
스텔라
스텔라
스텔라
스텔라
스텔라
스텔라
스텔라
스텔라
스텔라
스텔라
스텔라
스텔라
스텔라
스텔라
스텔라
스텔라
스텔라
스텔라
스텔라
스텔라
스텔라
스텔라
스텔라
스텔라
스텔라
스텔라
스텔라
스텔라
스텔라
스텔라
스텔라
스텔라
스텔라
스텔라
스텔라
스텔라
스텔라
스텔라
스텔라
스텔라
스텔라
스텔라
스텔라
스텔라
스텔라
스텔라
스텔라
스텔라
스텔라
스텔라
스텔라
스텔라
스텔라
스텔라
스텔라
스텔라
스텔라
스텔라
스텔라
스텔라
스텔라
스텔라
스텔라
스텔라
스텔라
스텔라
스텔라
스텔라
스텔라
스텔라
스텔라
스텔라
스텔라
스텔라
스텔라
스텔라
스텔라
스텔라
스텔라
스텔라
스텔라
스텔라
스텔라
스텔라
스텔라
스텔라
스텔라
스텔라
스텔라
스텔라
스텔라
스텔라
스텔라
스텔라
스텔라
스텔라
스텔라
스텔라
스텔라
스텔라
스텔라
스텔라
스텔라
스텔라
스텔라
스텔라
스텔라
스텔라
스텔라
스텔라
스텔라
스텔라
스텔라
스텔라
스텔라
스텔라
스텔라
스텔라
스텔라
스텔라
스텔라
스텔라
스텔라
스텔라
스텔라
스텔라
스텔라
스텔라
스텔라
스텔라
스텔라
스텔라
스텔라
스텔라
스텔라
스텔라
스텔라
스텔라
스텔라
스텔라
스텔라
스텔라
스텔라
스텔라
스텔라
스텔라
스텔라
스텔라
스텔라
스텔라
스텔라
스텔라
스텔라
스텔라
스텔라
스텔라
스텔라
스텔라
스텔라
스텔라
스텔라
스텔라
스텔라
스텔라
스텔라
스텔라
스텔라
스텔라
스텔라
스텔라
스텔라
스텔라
스텔라
스텔라
스텔라
스텔라
스텔라
스텔라
스텔라
스텔라
스텔라
스텔라
스텔라
스텔라
스텔라
스텔라
스텔라
스텔라
스텔라
스텔라
스텔라
스텔라
스텔라
스텔라
스텔라
스텔라
스텔라
스텔라
스텔라
스텔라
스텔라
스텔라
스텔라
스텔라
스텔라
스텔라
스텔라
스텔라
스텔라
스텔라
스텔라
스텔라
스텔라
스텔라
스텔라
스텔라
스텔라
스텔라
스텔라
스텔라
스텔라
스텔라
스텔라
스텔라
스텔라
스텔라
스텔라
스텔라
스텔라
스텔라
스텔라
스텔라
스텔라
스텔라
스텔라
스텔라
스텔라
스텔라
스텔라
스텔라
스텔라
스텔라
스텔라
스텔라
스텔라
스텔라
스텔라
스텔라
스텔라
스텔라
스텔라
스텔라
스텔라
스텔라
스텔라
스텔라
스텔라
스텔라
스텔라
스텔라
스텔라
스텔라
스텔라
스텔라
스텔라
스텔라
스텔라
스텔라
스텔라
스텔라
스텔라
스텔라
스텔라
스텔라
스텔라
스텔라
스텔라
스텔라
스텔라
스텔라
스텔라
스텔라
스텔라
스텔라
스텔라
스텔라
스텔라
스텔라
스텔라
스텔라
스텔라
스텔라
스텔라
스텔라
스텔라
스텔라
스텔라
스텔라
스텔라
스텔라
스텔라
스텔라
스텔라
스텔라
스텔라
스텔라
스텔라
스텔라
스텔라
스텔라
스텔라
스텔라
스텔라
스텔라
스텔라
스텔라
스텔라
스텔라
스텔라
스텔라
스텔라
스텔라
스텔라
스텔라
스텔라
스텔라
스텔라
스텔라
스텔라
스텔라
스텔라
스텔라
스텔라
스텔라
스텔라
스텔라
스텔라
스텔라
스텔라
스텔라
스텔라
스텔라
스텔라
스텔라
스텔라
스텔라
스텔라
스텔라
스텔라
스텔라
스텔라
스텔라
스텔라
스텔라
스텔라
스텔라
스텔라
스텔라
스텔라
스텔라
스텔라
스텔라
스텔라
스텔라
스텔라
스텔라
스텔라
스텔라
스텔라
스텔라
스텔라
스텔라
스텔라
스텔라
스텔라
스텔라
스텔라
스텔라
스텔라
스텔라
스텔라
스텔라
스텔라
스텔라
스텔라
스텔라
스텔라
스텔라
스텔라
스텔라
스텔라
스텔라
스텔라
스텔라
스텔라
스텔라
스텔라
스텔라
스텔라
스텔라
스텔라
스텔라
스텔라
스텔라
스텔라
스텔라
스텔라
스텔라
스텔라
스텔라
스텔라
스텔라
스텔라
스텔라
스텔라
스텔라
스텔라
스텔라
스텔라
스텔라
스텔라
스텔라
스텔라
스텔라
스텔라
스텔라
스텔라
스텔라
스텔라
스텔라
스텔라
스텔라
스텔라
스텔라
스텔라
스텔라
스텔라
스텔라
스텔라
스텔라
스텔라
스텔라
스텔라
스텔라
스텔라
스텔라
스텔라
스텔라
스텔라
스텔라
스텔라
스텔라
스텔라
스텔라
스텔라
스텔라
스텔라
스텔라
스텔라
스텔라
스텔라
스텔라
스텔라
스텔라
스텔라
스텔라
스텔라
스텔라
스텔라
스텔라
스텔라
스텔라
스텔라
스텔라
스텔라
스텔라
스텔라
스텔라
스텔라
스텔라
스텔라
스텔라
스텔라
스텔라
스텔라
스텔라
스텔라
스텔라
스텔라
스텔라
스텔라
스텔라
스텔라
스텔라
스텔라
스텔라
스텔라
스텔라
스텔라
스텔라
스텔라
스텔라
스텔라
스텔라
스텔라
스텔라
스텔라
스텔라
스텔라
스텔라
스텔라
스텔라
스텔라
스텔라
스텔라
스텔라
스텔라
스텔라
스텔라
스텔라
스텔라
스텔라
스텔라
스텔라
스텔라
스텔라
스텔라
스텔라
스텔라
스텔라
스텔라
스텔라
스텔라
스텔라
스텔라
스텔라
스텔라
스텔라
스텔라
스텔라
스텔라
스텔라
스텔라
스텔라
스텔라
스텔라
스텔라
스텔라
스텔라
스텔라
스텔라
스텔라
스텔라
스텔라
스텔라
스텔라
스텔라
스텔라
스텔라
스텔라
스텔라
스텔라
스텔라
스텔라
스텔라
스텔라
스텔라
스텔라
스텔라
스텔라
스텔라
스텔라
스텔라
스텔라
스텔라
스텔라
스텔라
스텔라
스텔라
스텔라
스텔라
스텔라
스텔라
스텔라
스텔라
스텔라
스텔라
스텔라
스텔라
스텔라
스텔라
스텔라
스텔라
스텔라
스텔라
스텔라
스텔라
스텔라
스텔라
스텔라
스텔라
스텔라
스텔라
스텔라
스텔라
스텔라
스텔라
스텔라
스텔라
스텔라
스텔라
스텔라
스텔라
스텔라
스텔라
스텔라
스텔라
스텔라
스텔라
스텔라
스텔라
스텔라
스텔라
스텔라
스텔라
스텔라
스텔라
스텔라
스텔라
스텔라
스텔라
스텔라
스텔라
스텔라
스텔라
스텔라
스텔라
스텔라
스텔라
스텔라
스텔라
스텔라
스텔라
스텔라
스텔라
스텔라
스텔라
스텔라
스텔라
스텔라
스텔라
스텔라
스텔라
스텔라
스텔라
스텔라
스텔라
스텔라
스텔라
스텔라
스텔라
스텔라
스텔라
스텔라
스텔라
스텔라
스텔라
스텔라
스텔라
스텔라
스텔라
스텔라
스텔라
스텔라
스텔라
스텔라
스텔라
스텔라
스텔라
스텔라
스텔라
스텔라
스텔라
스텔라
스텔라
스텔라
스텔라
스텔라
스텔라
스텔라
스텔라
스텔라
스텔라
스텔라
스텔라
스텔라
스텔라
스텔라
스텔라
스텔라
스텔라
스텔라
스텔라
스텔라
스텔라
스텔라
스텔라
스텔라
스텔라
스텔라
스텔라
스텔라
스텔라
스텔라
스텔라
스텔라
스텔라
스텔라
스텔라
스텔라
스텔라
스텔라
스텔라
스텔라
스텔라
스텔라
스텔라
스텔라
스텔라
스텔라
스텔라
스텔라
스텔라
스텔라
스텔라
스텔라
스텔라
스텔라
스텔라
스텔라
스텔라
스텔라
스텔라
스텔라
스텔라
스텔라
스텔라
스텔라
스텔라
스텔라
스텔라
스텔라
스텔라
스텔라
스텔라
스텔라
스텔라
스텔라
스텔라
스텔라
스텔라
스텔라
스텔라
스텔라
스텔라
스텔라
스텔라
스텔라
스텔라
스텔라
스텔라
스텔라
스텔라
스텔라
스텔라
스텔라
스텔라
스텔라
스텔라
스텔라
스텔라
스텔라
스텔라
스텔라
스텔라
스텔라
스텔라
스텔라
스텔라
스텔라
스텔라
스텔라
스텔라
스텔라
스텔라
스텔라
스텔라
스텔라
스텔라
스텔라
스텔라
스텔라
스텔라
스텔라
스텔라
스텔라
스텔라
스텔라
스텔라
스텔라
스텔라
스텔라
스텔라
스텔라
스텔라
스텔라
스텔라
스텔라
스텔라
스텔라
스텔라
스텔라
스텔라
스텔라
스텔라
스텔라
스텔라
스텔라
스텔라
스텔라
스텔라
스텔라
스텔라
스텔라
스텔라
스텔라
스텔라
스텔라
스텔라
스텔라
스텔라
스텔라
스텔라
스텔라
스텔라
스텔라
스텔라
스텔라
스텔라
스텔라
스텔라
스텔라
스텔라
스텔라
스텔라
스텔라
스텔라
스텔라
스텔라
스텔라
스텔라
스텔라
스텔라
스텔라
스텔라
스텔라
스텔라
스텔라
스텔라
스텔라
스텔라
스텔라
스텔라
스텔라
스텔라
스텔라
스텔라
스텔라
스텔라
스텔라
스텔라
스텔라
스텔라
스텔라
스텔라
스텔라
스텔라
스텔라
스텔라
스텔라
스텔라
스텔라
스텔라
스텔라
스텔라
스텔라
스텔라
스텔라
스텔라
스텔라
스텔라
스텔라
스텔라
스텔라
스텔라
스텔라
스텔라
스텔라
스텔라
스텔라
스텔라
스텔라
스텔라
스텔라
스텔라
스텔라
스텔라
스텔라
스텔라
스텔라
스텔라
스텔라
스텔라
스텔라
스텔라
스텔라
스텔라
스텔라
스텔라
스텔라
스텔라
스텔라
스텔라
스텔라
스텔라
스텔라
스텔라
스텔라
스텔라
스텔라
스텔라
스텔라
스텔라
스텔라
스텔라
스텔라
스텔라
스텔라
스텔라
스텔라
스텔라
스텔라
스텔라
스텔라
스텔라
스텔라
스텔라
스텔라
스텔라
스텔라
스텔라
스텔라
스텔라
스텔라
스텔라
스텔라
스텔라
스텔라
스텔라
스텔라
스텔라
스텔라
스텔라
스텔라
스텔라
스텔라
스텔라
스텔라
스텔라
스텔라
스텔라
스텔라
스텔라
스텔라
스텔라
스텔라
스텔라
스텔라
스텔라
스텔라
스텔라
스텔라
스텔라
스텔라
스텔라
스텔라
스텔라
스텔라
스텔라
스텔라
스텔라
스텔라
스텔라
스텔라
스텔라
스텔라
스텔라
스텔라
스텔라
스텔라
스텔라
스텔라
스텔라
스텔라
스텔라
스텔라
스텔라
스텔라
스텔라
스텔라
스텔라
스텔라
스텔라
스텔라
스텔라
스텔라
스텔라
스텔라
스텔라
스텔라
스텔라
스텔라
스텔라
스텔라
스텔라
스텔라
스텔라
스텔라
스텔라
스텔라
스텔라
스텔라
스텔라
스텔라
스텔라
스텔라
스텔라
스텔라
스텔라
스텔라
스텔라
스텔라
스텔라
스텔라
스텔라
스텔라
스텔라
스텔라
스텔라
스텔라
스텔라
스텔라
스텔라
스텔라
스텔라
스텔라
스텔라
스텔라
스텔라
스텔라
스텔라
스텔라
스텔라
스텔라
스텔라
스텔라
스텔라
스텔라
스텔라
스텔라
스텔라
스텔라
스텔라
스텔라
스텔라
스텔라
스텔라
스텔라
스텔라
스텔라
스텔라
스텔라
스텔라
스텔라
스텔라
스텔라
스텔라
스텔라
스텔라
스텔라
스텔라
스텔라
스텔라
스텔라
스텔라
스텔라
스텔라
스텔라
스텔라
스텔라
스텔라
스텔라
스텔라
스텔라
스텔라
스텔라
스텔라
스텔라
스텔라
스텔라
스텔라
스텔라
스텔라
스텔라
스텔라
스텔라
스텔라
스텔라
스텔라
스텔라
스텔라
스텔라
스텔라
스텔라
스텔라
스텔라
스텔라
스텔라
스텔라
스텔라
스텔라
스텔라
스텔라
스텔라
스텔라
스텔라
스텔라
스텔라
스텔라
스텔라
스텔라
스텔라
스텔라
스텔라
스텔라
스텔라
스텔라
스텔라
스텔라
스텔라
스텔라
스텔라
스텔라
스텔라
스텔라
스텔라
스텔라
스텔라
스텔라
스텔라
스텔라
스텔라
스텔라
스텔라
스텔라
스텔라
스텔라
스텔라
스텔라
스텔라
스텔라
스텔라
스텔라
스텔라
스텔라
스텔라
스텔라
스텔라
스텔라
스텔라
스텔라
스텔라
스텔라
스텔라
스텔라
스텔라
스텔라
스텔라
스텔라
스텔라
스텔라
스텔라
스텔라
스텔라
스텔라
스텔라
스텔라
스텔라
스텔라
스텔라
스텔라
스텔라
스텔라
스텔라
스텔라
스텔라
스텔라
스텔라
스텔라
스텔라
스텔라
스텔라
스텔라
스텔라
스텔라
스텔라
스텔라
스텔라
스텔라
스텔라
스텔라
스텔라
스텔라
스텔라
스텔라
스텔라
스텔라
스텔라
스텔라
스텔라
스텔라
스텔라
스텔라
스텔라
스텔라
스텔라
스텔라
스텔라
스텔라
스텔라
스텔라
스텔라
스텔라
스텔라
스텔라
스텔라
스텔라
스텔라
스텔라
스텔라
스텔라
스텔라
스텔라
스텔라
스텔라
스텔라
스텔라
스텔라
스텔라
스텔라
스텔라
스텔라
스텔라
스텔라
스텔라
스텔라
스텔라
스텔라
스텔라
스텔라
스텔라
스텔라
스텔라
스텔라
스텔라
스텔라
스텔라
스텔라
스텔라
스텔라
스텔라
스텔라
스텔라
스텔라
스텔라
스텔라
스텔라
스텔라
스텔라
스텔라
스텔라
스텔라
스텔라
스텔라
스텔라
스텔라
스텔라
스텔라
스텔라
스텔라
스텔라
스텔라
스텔라
스텔라
스텔라
스텔라
스텔라
스텔라
스텔라
스텔라
스텔라
스텔라
스텔라
스텔라
스텔라
스텔라
스텔라
스텔라
스텔라
스텔라
스텔라
스텔라
스텔라
스텔라
스텔라
스텔라
스텔라
스텔라
스텔라
스텔라
스텔라
스텔라
스텔라
스텔라
스텔라
스텔라
스텔라
스텔라
스텔라
스텔라
스텔라
스텔라
스텔라
스텔라
스텔라
스텔라
스텔라
스텔라
스텔라
스텔라
스텔라
스텔라
스텔라
스텔라
스텔라
스텔라
스텔라
스텔라
스텔라
스텔라
스텔라
스텔라
스텔라
스텔라
스텔라
스텔라
스텔라
스텔라
스텔라
스텔라
스텔라
스텔라
스텔라
스텔라
스텔라
스텔라
스텔라
스텔라
스텔라
스텔라
스텔라
스텔라
스텔라
스텔라
스텔라
스텔라
스텔라
스텔라
스텔라
스텔라
스텔라
스텔라
스텔라
스텔라
스텔라
스텔라
스텔라
스텔라
스텔라
스텔라
스텔라
스텔라
스텔라
스텔라
스텔라
스텔라
스텔라
스텔라
스텔라
스텔라
스텔라
스텔라
스텔라
스텔라
스텔라
스텔라
스텔라
스텔라
스텔라
스텔라
스텔라
스텔라
스텔라
스텔라
스텔라
스텔라
스텔라
스텔라
스텔라
스텔라
스텔라
스텔라
스텔라
스텔라
스텔라
스텔라
스텔라
스텔라
스텔라
스텔라
스텔라
스텔라
스텔라
스텔라
스텔라
스텔라
스텔라
스텔라
스텔라
스텔라
스텔라
스텔라
스텔라
스텔라
스텔라
스텔라
스텔라
스텔라
스텔라
스텔라
스텔라
스텔라
스텔라
스텔라
스텔라
스텔라
스텔라
스텔라
스텔라
스텔라
스텔라
스텔라
스텔라
스텔라
스텔라
스텔라
스텔라
스텔라
스텔라
스텔라
스텔라
스텔라
스텔라
스텔라
스텔라
스텔라
스텔라
스텔라
스텔라
스텔라
스텔라
스텔라
스텔라
스텔라
스텔라
스텔라
스텔라
스텔라
스텔라
스텔라
스텔라
스텔라
스텔라
스텔라
스텔라
스텔라
스텔라
스텔라
스텔라
스텔라
스텔라
스텔라
스텔라
스텔라
스텔라
스텔라
스텔라
스텔라
스텔라
스텔라
스텔라
스텔라
스텔라
스텔라
스텔라
스텔라
스텔라
스텔라
스텔라
스텔라
스텔라
스텔라
스텔라
스텔라
스텔라
스텔라
스텔라
스텔라
스텔라
스텔라
스텔라
스텔라
스텔라
스텔라
스텔라
스텔라
스텔라
스텔라
스텔라
스텔라
스텔라
스텔라
스텔라
스텔라
스텔라
스텔라
스텔라
스텔라
스텔라
스텔라
스텔라
스텔라
스텔라
스텔라
스텔라
스텔라
스텔라
스텔라
스텔라
스텔라
스텔라
스텔라
스텔라
스텔라
스텔라
스텔라
스텔라
스텔라
스텔라
스텔라
스텔라
스텔라
스텔라
스텔라
스텔라
스텔라
스텔라
스텔라
스텔라
스텔라
스텔라
스텔라
스텔라
스텔라
스텔라
스텔라
스텔라
스텔라
스텔라
스텔라
스텔라
스텔라
스텔라
스텔라
스텔라
스텔라
스텔라
스텔라
스텔라
스텔라
스텔라
스텔라
스텔라
스텔라
스텔라
스텔라
스텔라
스텔라
스텔라
스텔라
스텔라
스텔라
스텔라
스텔라
스텔라
스텔라
스텔라
스텔라
스텔라
스텔라
스텔라
스텔라
스텔라
스텔라
스텔라
스텔라
스텔라
스텔라
스텔라
스텔라
스텔라
스텔라
스텔라
스텔라
스텔라
스텔라
스텔라
스텔라
스텔라
스텔라
스텔라
스텔라
스텔라
스텔라
스텔라
스텔라
스텔라
스텔라
스텔라
스텔라
스텔라
스텔라
스텔라
스텔라
스텔라
스텔라
스텔라
스텔라
스텔라
스텔라
스텔라
스텔라
스텔라
스텔라
스텔라
스텔라
스텔라
스텔라
스텔라
스텔라
스텔라
스텔라
스텔라
스텔라
스텔라
스텔라
스텔라
스텔라
스텔라
스텔라
스텔라
스텔라
스텔라
스텔라
스텔라
스텔라
스텔라
스텔라
스텔라
스텔라
스텔라
스텔라
스텔라
스텔라
스텔라
스텔라
스텔라
스텔라
스텔라
스텔라
스텔라
스텔라
스텔라
스텔라
스텔라
스텔라
스텔라
스텔라
스텔라
스텔라
스텔라
스텔라
스텔라
스텔라
스텔라
스텔라
스텔라
스텔라
스텔라
스텔라
스텔라
스텔라
스텔라
스텔라
스텔라
스텔라
스텔라
스텔라
스텔라
스텔라
스텔라
스텔라
스텔라
스텔라
스텔라
스텔라
스텔라
스텔라
스텔라
스텔라
스텔라
스텔라
스텔라
스텔라
스텔라
스텔라
스텔라
스텔라
스텔라
스텔라
스텔라
스텔라
스텔라
스텔라
스텔라
스텔라
스텔라
스텔라
스텔라
스텔라
스텔라
스텔라
스텔라
스텔라
스텔라
스텔라
스텔라
스텔라
스텔라
스텔라
스텔라
스텔라
스텔라
스텔라
스텔라
스텔라
스텔라
스텔라
스텔라
스텔라
스텔라
스텔라
스텔라
스텔라
스텔라
스텔라
스텔라
스텔라
스텔라
스텔라
스텔라
스텔라
스텔라
스텔라
스텔라
스텔라
스텔라
스텔라
스텔라
스텔라
스텔라
스텔라
스텔라
스텔라
스텔라
스텔라
스텔라
스텔라
스텔라
스텔라
스텔라
스텔라
스텔라
스텔라
스텔라
스텔라
스텔라
스텔라
스텔라
스텔라
스텔라
스텔라
스텔라
스텔라
스텔라
스텔라
스텔라
스텔라
스텔라
스텔라
스텔라
스텔라
스텔라
스텔라
스텔라
스텔라
스텔라
스텔라
스텔라
스텔라
스텔라
스텔라
스텔라
스텔라
스텔라
스텔라
스텔라
스텔라
스텔라
스텔라
스텔라
스텔라
스텔라
스텔라
스텔라
스텔라
스텔라
스텔라
스텔라
스텔라
스텔라
스텔라
스텔라
스텔라
스텔라
스텔라
스텔라
스텔라
스텔라
스텔라
스텔라
스텔라
스텔라
스텔라
스텔라
스텔라
스텔라
스텔라
스텔라
스텔라
스텔라
스텔라
스텔라
스텔라
스텔라
스텔라
스텔라
스텔라
스텔라
스텔라
스텔라
스텔라
스텔라
스텔라
스텔라
스텔라
스텔라
스텔라
스텔라
스텔라
스텔라
스텔라
스텔라
스텔라
스텔라
스텔라
스텔라
스텔라
스텔라
스텔라
스텔라
스텔라
스텔라
스텔라
스텔라
스텔라
스텔라
스텔라
스텔라
스텔라
스텔라
스텔라
스텔라
스텔라
스텔라
스텔라
스텔라
스텔라
스텔라
스텔라
스텔라
스텔라
스텔라
스텔라
스텔라
스텔라
스텔라
스텔라
스텔라
스텔라
스텔라
스텔라
스텔라
스텔라
스텔라
스텔라
스텔라
스텔라
스텔라
스텔라
스텔라
스텔라
스텔라
스텔라
스텔라
스텔라
스텔라
스텔라
스텔라
스텔라
스텔라
스텔라
스텔라
스텔라
스텔라
스텔라
스텔라
스텔라
스텔라
스텔라
스텔라
스텔라
스텔라
스텔라
스텔라
스텔라
스텔라
스텔라
스텔라
스텔라
스텔라
스텔라
스텔라
스텔라
스텔라
스텔라
스텔라
스텔라
스텔라
스텔라
스텔라
스텔라
스텔라
스텔라
스텔라
스텔라
스텔라
스텔라
스텔라
스텔라
스텔라
스텔라
스텔라
스텔라
스텔라
스텔라
스텔라
스텔라
스텔라
스텔라
스텔라
스텔라
스텔라
스텔라
스텔라
스텔라
스텔라
스텔라
스텔라
스텔라
스텔라
스텔라
스텔라
스텔라
스텔라
스텔라
스텔라
스텔라
스텔라
스텔라
스텔라
스텔라
스텔라
스텔라
스텔라
스텔라
스텔라
스텔라
스텔라
스텔라
스텔라
스텔라
스텔라
스텔라
스텔라
스텔라
스텔라
스텔라
스텔라
스텔라
스텔라
스텔라
스텔라
스텔라
스텔라
스텔라
스텔라
스텔라
스텔라
스텔라
스텔라
스텔라
스텔라
스텔라
스텔라
스텔라
스텔라
스텔라
스텔라
스텔라
스텔라
스텔라
스텔라
스텔라
스텔라
스텔라
스텔라
스텔라
스텔라
스텔라
스텔라
스텔라
스텔라
스텔라
스텔라
스텔라
스텔라
스텔라
스텔라
스텔라
스텔라
스텔라
스텔라
스텔라
스텔라
스텔라
스텔라
스텔라
스텔라
스텔라
스텔라
스텔라
스텔라
스텔라
스텔라
스텔라
스텔라
스텔라
스텔라
스텔라
스텔라
스텔라
스텔라
스텔라
스텔라
스텔라
스텔라
스텔라
스텔라
스텔라
스텔라
스텔라
스텔라
스텔라
스텔라
스텔라
스텔라
스텔라
스텔라
스텔라
스텔라
스텔라
스텔라
스텔라
스텔라
스텔라
스텔라
스텔라
스텔라
스텔라
스텔라
스텔라
스텔라
스텔라
스텔라
스텔라
스텔라
스텔라
스텔라
스텔라
스텔라
스텔라
스텔라
스텔라
스텔라
스텔라
스텔라
스텔라
스텔라
스텔라
스텔라
스텔라
스텔라
스텔라
스텔라
스텔라
스텔라
스텔라
스텔라
스텔라
스텔라
스텔라
스텔라
스텔라
스텔라
스텔라
스텔라
스텔라
스텔라
스텔라
스텔라
스텔라
스텔라
스텔라
스텔라
스텔라
스텔라
스텔라
스텔라
스텔라
스텔라
스텔라
스텔라
스텔라
스텔라
스텔라
스텔라
스텔라
스텔라
스텔라
스텔라
스텔라
스텔라
스텔라
스텔라
스텔라
스텔라
스텔라
스텔라
스텔라
스텔라
스텔라
스텔라
스텔라
스텔라
스텔라
스텔라
스텔라
스텔라
스텔라
스텔라
스텔라
스텔라
스텔라
스텔라
스텔라
스텔라
스텔라
스텔라
스텔라
스텔라
스텔라
스텔라
스텔라
스텔라
스텔라
스텔라
스텔라
스텔라
스텔라
스텔라
스텔라
스텔라
스텔라
스텔라
스텔라
스텔라
스텔라
스텔라
스텔라
스텔라
스텔라
스텔라
스텔라
스텔라
스텔라
스텔라
스텔라
스텔라
스텔라
스텔라
스텔라
스텔라
스텔라
스텔라
스텔라
스텔라
스텔라
스텔라
스텔라
스텔라
스텔라
스텔라
스텔라
스텔라
스텔라
스텔라
스텔라
스텔라
스텔라
스텔라
스텔라
스텔라
스텔라
스텔라
스텔라
스텔라
스텔라
스텔라
스텔라
스텔라
스텔라
스텔라
스텔라
스텔라
스텔라
스텔라
스텔라
스텔라
스텔라
스텔라
스텔라
스텔라
스텔라
스텔라
스텔라
스텔라
스텔라
스텔라
스텔라
스텔라
스텔라
스텔라
스텔라
스텔라
스텔라
스텔라
스텔라
스텔라
스텔라
스텔라
스텔라
스텔라
스텔라
스텔라
스텔라
스텔라
스텔라
스텔라
스텔라
스텔라
스텔라
스텔라
스텔라
스텔라
스텔라
스텔라
스텔라
스텔라
스텔라
스텔라
스텔라
스텔라
스텔라
스텔라
스텔라
스텔라
스텔라
스텔라
스텔라
스텔라
스텔라
스텔라
스텔라
스텔라
스텔라
스텔라
스텔라
스텔라
스텔라
스텔라
스텔라
스텔라
스텔라
스텔라
스텔라
스텔라
스텔라
스텔라
스텔라
스텔라
스텔라
스텔라
스텔라
스텔라
스텔라
스텔라
스텔라
스텔라
스텔라
스텔라
스텔라
스텔라
스텔라
스텔라
스텔라
스텔라
스텔라
스텔라
스텔라
스텔라
스텔라
스텔라
스텔라
스텔라
스텔라
스텔라
스텔라
스텔라
스텔라
스텔라
스텔라
스텔라
스텔라
스텔라
스텔라
스텔라
스텔라
스텔라
스텔라
스텔라
스텔라
스텔라
스텔라
스텔라
스텔라
스텔라
스텔라
스텔라
스텔라
스텔라
스텔라
스텔라
스텔라
스텔라
스텔라
스텔라
스텔라
스텔라
스텔라
스텔라
스텔라
스텔라
스텔라
스텔라
스텔라
스텔라
스텔라
스텔라
스텔라
스텔라
스텔라
스텔라
스텔라
스텔라
스텔라
스텔라
스텔라
스텔라
스텔라
스텔라
스텔라
스텔라
스텔라
스텔라
스텔라
스텔라
스텔라
스텔라
스텔라
스텔라
스텔라
스텔라
스텔라
스텔라
스텔라
스텔라
스텔라
스텔라
스텔라
스텔라
스텔라
스텔라
스텔라
스텔라
스텔라
스텔라
스텔라
스텔라
스텔라
스텔라
스텔라
스텔라
스텔라
스텔라
스텔라
스텔라
스텔라
스텔라
스텔라
스텔라
스텔라
스텔라
스텔라
스텔라
스텔라
스텔라
스텔라
스텔라
스텔라
스텔라
스텔라
스텔라
스텔라
스텔라
스텔라
스텔라
스텔라
스텔라
스텔라
스텔라
스텔라
스텔라
스텔라
스텔라
스텔라
스텔라
스텔라
스텔라
스텔라
스텔라
스텔라
스텔라
스텔라
스텔라
스텔라
스텔라
스텔라
스텔라
스텔라
스텔라
스텔라
스텔라
스텔라
스텔라
스텔라
스텔라
스텔라
스텔라
스텔라
스텔라
스텔라
스텔라
스텔라
스텔라
스텔라
스텔라
스텔라
스텔라
스텔라
스텔라
스텔라
스텔라
스텔라
스텔라
스텔라
스텔라
스텔라
스텔라
스텔라
스텔라
스텔라
스텔라
스텔라
스텔라
스텔라
스텔라
스텔라
스텔라
스텔라
스텔라
스텔라
스텔라
스텔라
스텔라
스텔라
스텔라
스텔라
스텔라
스텔라
스텔라
스텔라
스텔라
스텔라
스텔라
스텔라
스텔라
스텔라
스텔라
스텔라
스텔라
스텔라
스텔라
스텔라
스텔라
스텔라
스텔라
스텔라
스텔라
스텔라
스텔라
스텔라
스텔라
스텔라
스텔라
스텔라
스텔라
스텔라
스텔라
스텔라
스텔라
스텔라
스텔라
스텔라
스텔라
스텔라
스텔라
스텔라
스텔라
스텔라
스텔라
스텔라
스텔라
스텔라
스텔라
스텔라
스텔라
스텔라
스텔라
스텔라
스텔라
스텔라
스텔라
스텔라
스텔라
스텔라
스텔라
스텔라
스텔라
스텔라
스텔라
스텔라
스텔라
스텔라
스텔라
스텔라
스텔라
스텔라
스텔라
스텔라
스텔라
스텔라
스텔라
스텔라
스텔라
스텔라
스텔라
스텔라
스텔라
스텔라
스텔라
스텔라
스텔라
스텔라
스텔라
스텔라
스텔라
스텔라
스텔라
스텔라
스텔라
스텔라
스텔라
스텔라
스텔라
스텔라
스텔라
스텔라
스텔라
스텔라
스텔라
스텔라
스텔라
스텔라
스텔라
스텔라
스텔라
스텔라
스텔라
스텔라
스텔라
스텔라
스텔라
스텔라
스텔라
스텔라
스텔라
스텔라
스텔라
스텔라
스텔라
스텔라
스텔라
스텔라
스텔라
스텔라
스텔라
스텔라
스텔라
스텔라
스텔라
스텔라
스텔라
스텔라
스텔라
스텔라
스텔라
스텔라
스텔라
스텔라
스텔라
스텔라
스텔라
스텔라
스텔라
스텔라
스텔라
스텔라
스텔라
스텔라
스텔라
스텔라
스텔라
스텔라
스텔라
스텔라
스텔라
스텔라
스텔라
스텔라
스텔라
스텔라
스텔라
스텔라
스텔라
스텔라
스텔라
스텔라
스텔라
스텔라
스텔라
스텔라
스텔라
스텔라
스텔라
스텔라
스텔라
스텔라
스텔라
스텔라
스텔라
스텔라
스텔라
스텔라
스텔라
스텔라
스텔라
스텔라
스텔라
스텔라
스텔라
스텔라
스텔라
스텔라
스텔라
스텔라
스텔라
스텔라
스텔라
스텔라
스텔라
스텔라
스텔라
스텔라
스텔라
스텔라
스텔라
스텔라
스텔라
스텔라
스텔라
스텔라
스텔라
스텔라
스텔라
스텔라
스텔라
스텔라
스텔라
스텔라
스텔라
스텔라
스텔라
스텔라
스텔라
스텔라
스텔라
스텔라
스텔라
스텔라
스텔라
스텔라
스텔라
스텔라
스텔라
스텔라
스텔라
스텔라
스텔라
스텔라
스텔라
스텔라
스텔라
스텔라
스텔라
스텔라
스텔라
스텔라
스텔라
스텔라
스텔라
스텔라
스텔라
스텔라
스텔라
스텔라
스텔라
스텔라
스텔라
스텔라
스텔라
스텔라
스텔라
스텔라
스텔라
스텔라
스텔라
스텔라
스텔라
스텔라
스텔라
스텔라
스텔라
스텔라
스텔라
스텔라
스텔라
스텔라
스텔라
스텔라
스텔라
스텔라
스텔라
스텔라
스텔라
스텔라
스텔라
스텔라
스텔라
스텔라
스텔라
스텔라
스텔라
스텔라
스텔라
스텔라
스텔라
스텔라
스텔라
스텔라
스텔라
스텔라
스텔라
스텔라
스텔라
스텔라
스텔라
스텔라
스텔라
스텔라
스텔라
스텔라
스텔라
스텔라
스텔라
스텔라
스텔라
스텔라
스텔라
스텔라
스텔라
스텔라
스텔라
스텔라
스텔라
스텔라
스텔라
스텔라
스텔라
스텔라
스텔라
스텔라
스텔라
스텔라
스텔라
스텔라
스텔라
스텔라
스텔라
스텔라
스텔라
스텔라
스텔라
스텔라
스텔라
스텔라
스텔라
스텔라
스텔라
스텔라
스텔라
스텔라
스텔라
스텔라
스텔라
스텔라
스텔라
스텔라
스텔라
스텔라
스텔라
스텔라
스텔라
스텔라
스텔라
스텔라
스텔라
스텔라
스텔라
스텔라
스텔라
스텔라
스텔라
스텔라
스텔라
스텔라
스텔라
스텔라
스텔라
스텔라
스텔라
스텔라
스텔라
스텔라
스텔라
스텔라
스텔라
스텔라
스텔라
스텔라
스텔라
스텔라
스텔라
스텔라
스텔라
스텔라
스텔라
스텔라
스텔라
스텔라
스텔라
스텔라
스텔라
스텔라
스텔라
스텔라
스텔라
스텔라
스텔라
스텔라
스텔라
스텔라
스텔라
스텔라
스텔라
스텔라
스텔라
스텔라
스텔라
스텔라
스텔라
스텔라
스텔라
스텔라
스텔라
스텔라
스텔라
스텔라
스텔라
스텔라
스텔라
스텔라
스텔라
스텔라
스텔라
스텔라
스텔라
스텔라
스텔라
스텔라
스텔라
스텔라
스텔라
스텔라
스텔라
스텔라
스텔라
스텔라
스텔라
스텔라
스텔라
스텔라
스텔라
스텔라
스텔라
스텔라
스텔라
스텔라
스텔라
스텔라
스텔라
스텔라
스텔라
스텔라
스텔라
스텔라
스텔라
스텔라
스텔라
스텔라
스텔라
스텔라
스텔라
스텔라
스텔라
스텔라
스텔라
스텔라
스텔라
스텔라
스텔라
스텔라
스텔라
스텔라
스텔라
스텔라
스텔라
스텔라
스텔라
스텔라
스텔라
스텔라
스텔라
스텔라
스텔라
스텔라
스텔라
스텔라
스텔라
스텔라
스텔라
스텔라
스텔라
스텔라
스텔라
스텔라
스텔라
스텔라
스텔라
스텔라
스텔라
스텔라
스텔라
스텔라
스텔라
스텔라
스텔라
스텔라
스텔라
스텔라
스텔라
스텔라
스텔라
스텔라
스텔라
스텔라
스텔라
스텔라
스텔라
스텔라
스텔라
스텔라
스텔라
스텔라
스텔라
스텔라
스텔라
스텔라
스텔라
스텔라
스텔라
스텔라
스텔라
스텔라
스텔라
스텔라
스텔라
스텔라
스텔라
스텔라
스텔라
스텔라
스텔라
스텔라
스텔라
스텔라
스텔라
스텔라
스텔라
스텔라
스텔라
스텔라
스텔라
스텔라
스텔라
스텔라
스텔라
스텔라
스텔라
스텔라
스텔라
스텔라
스텔라
스텔라
스텔라
스텔라
스텔라
스텔라
스텔라
스텔라
스텔라
스텔라
스텔라
스텔라
스텔라
스텔라
스텔라
스텔라
스텔라
스텔라
스텔라
스텔라
스텔라
스텔라
스텔라
스텔라
스텔라
스텔라
스텔라
스텔라
스텔라
스텔라
스텔라
스텔라
스텔라
스텔라
스텔라
스텔라
스텔라
스텔라
스텔라
스텔라
스텔라
스텔라
스텔라
스텔라
스텔라
스텔라
스텔라
스텔라
스텔라
스텔라
스텔라
스텔라
스텔라
스텔라
스텔라
스텔라
스텔라
스텔라
스텔라
스텔라
스텔라
스텔라
스텔라
스텔라
스텔라
스텔라
스텔라
스텔라
스텔라
스텔라
스텔라
스텔라
스텔라
스텔라
스텔라
스텔라
스텔라
스텔라
스텔라
스텔라
스텔라
스텔라
스텔라
스텔라
스텔라
스텔라
스텔라
스텔라
스텔라
스텔라
스텔라
스텔라
스텔라
스텔라
스텔라
스텔라
스텔라
스텔라
스텔라
스텔라
스텔라
스텔라
스텔라
스텔라
스텔라
스텔라
스텔라
스텔라
스텔라
스텔라
스텔라
스텔라
스텔라
스텔라
스텔라
스텔라
스텔라
스텔라
스텔라
스텔라
스텔라
스텔라
스텔라
스텔라
스텔라
스텔라
스텔라
스텔라
스텔라
스텔라
스텔라
스텔라
스텔라
스텔라
스텔라
스텔라
스텔라
스텔라
스텔라
스텔라
스텔라
스텔라
스텔라
스텔라
스텔라
스텔라
스텔라
스텔라
스텔라
스텔라
스텔라
스텔라
스텔라
스텔라
스텔라
스텔라
스텔라
스텔라
스텔라
스텔라
스텔라
스텔라
스텔라
스텔라
스텔라
스텔라
스텔라
스텔라
스텔라
스텔라
스텔라
스텔라
스텔라
스텔라
스텔라
스텔라
스텔라
스텔라
스텔라
스텔라
스텔라
스텔라
스텔라
스텔라
스텔라
스텔라
스텔라
스텔라
스텔라
스텔라
스텔라
스텔라
스텔라
스텔라
스텔라
스텔라
스텔라
스텔라
스텔라
스텔라
스텔라
스텔라
스텔라
스텔라
스텔라
스텔라
스텔라
스텔라
스텔라
스텔라
스텔라
스텔라
스텔라
스텔라
스텔라
스텔라
스텔라
스텔라
스텔라
스텔라
스텔라
스텔라
스텔라
스텔라
스텔라
스텔라
스텔라
스텔라
스텔라
스텔라
스텔라
스텔라
스텔라
스텔라
스텔라
스텔라
스텔라
스텔라
스텔라
스텔라
스텔라
스텔라
스텔라
스텔라
스텔라
스텔라
스텔라
스텔라
스텔라
스텔라
스텔라
스텔라
스텔라
스텔라
스텔라
스텔라
스텔라
스텔라
스텔라
스텔라
스텔라
스텔라
스텔라
스텔라
스텔라
스텔라
스텔라
스텔라
스텔라
스텔라
스텔라
스텔라
스텔라
스텔라
스텔라
스텔라
스텔라
스텔라
스텔라
스텔라
스텔라
스텔라
스텔라
스텔라
스텔라
스텔라
스텔라
스텔라
스텔라
스텔라
스텔라
스텔라
스텔라
스텔라
스텔라
스텔라
스텔라
스텔라
스텔라
스텔라
스텔라
스텔라
스텔라
스텔라
스텔라
스텔라
스텔라
스텔라
스텔라
스텔라
스텔라
스텔라
스텔라
스텔라
칭따오
칭따오
칭따오
칭따오
칭따오
칭따오
칭따오
칭따오
칭따오
칭따오
칭따오
칭따오
칭따오
칭따오
칭따오
칭따오
칭따오
칭따오
칭따오
칭따오
칭따오
칭따오
칭따오
칭따오
칭따오
칭따오
칭따오
칭따오
칭따오
칭따오
칭따오
칭따오
칭따오
칭따오
칭따오
칭따오
칭따오
칭따오
칭따오
칭따오
칭따오
칭따오
칭따오
칭따오
칭따오
칭따오
칭따오
칭따오
칭따오
칭따오
칭따오
칭따오
칭따오
칭따오
칭따오
칭따오
칭따오
칭따오
칭따오
칭따오
칭따오
칭따오
칭따오
칭따오
칭따오
칭따오
칭따오
칭따오
칭따오
칭따오
칭따오
칭따오
칭따오
칭따오
칭따오
칭따오
칭따오
칭따오
칭따오
칭따오
칭따오
칭따오
칭따오
칭따오
칭따오
칭따오
칭따오
칭따오
칭따오
칭따오
칭따오
칭따오
칭따오
칭따오
칭따오
칭따오
칭따오
칭따오
칭따오
칭따오
칭따오
칭따오
칭따오
칭따오
칭따오
칭따오
칭따오
칭따오
칭따오
칭따오
칭따오
칭따오
칭따오
칭따오
칭따오
칭따오
칭따오
칭따오
칭따오
칭따오
칭따오
칭따오
칭따오
칭따오
칭따오
칭따오
칭따오
칭따오
칭따오
칭따오
칭따오
칭따오
칭따오
칭따오
칭따오
칭따오
칭따오
칭따오
칭따오
칭따오
칭따오
칭따오
칭따오
칭따오
칭따오
칭따오
칭따오
칭따오
칭따오
칭따오
칭따오
칭따오
칭따오
칭따오
칭따오
칭따오
칭따오
칭따오
칭따오
칭따오
칭따오
칭따오
칭따오
칭따오
칭따오
칭따오
칭따오
칭따오
칭따오
칭따오
칭따오
칭따오
칭따오
칭따오
칭따오
칭따오
칭따오
칭따오
칭따오
칭따오
칭따오
칭따오
칭따오
칭따오
칭따오
칭따오
칭따오
칭따오
칭따오
칭따오
칭따오
칭따오
칭따오
칭따오
칭따오
칭따오
칭따오
칭따오
칭따오
칭따오
칭따오
칭따오
칭따오
칭따오
칭따오
칭따오
칭따오
칭따오
칭따오
칭따오
칭따오
칭따오
칭따오
칭따오
칭따오
칭따오
칭따오
칭따오
칭따오
칭따오
칭따오
칭따오
칭따오
칭따오
칭따오
칭따오
칭따오
칭따오
칭따오
칭따오
칭따오
칭따오
칭따오
칭따오
칭따오
칭따오
칭따오
칭따오
칭따오
칭따오
칭따오
칭따오
칭따오
칭따오
칭따오
칭따오
칭따오
칭따오
칭따오
칭따오
칭따오
칭따오
칭따오
칭따오
칭따오
칭따오
칭따오
칭따오
칭따오
칭따오
칭따오
칭따오
칭따오
칭따오
칭따오
칭따오
칭따오
칭따오
칭따오
칭따오
칭따오
칭따오
칭따오
칭따오
칭따오
칭따오
칭따오
칭따오
칭따오
칭따오
칭따오
칭따오
칭따오
칭따오
칭따오
칭따오
칭따오
칭따오
칭따오
칭따오
칭따오
칭따오
칭따오
칭따오
칭따오
칭따오
칭따오
칭따오
칭따오
칭따오
칭따오
칭따오
칭따오
칭따오
칭따오
칭따오
칭따오
칭따오
칭따오
칭따오
칭따오
칭따오
칭따오
칭따오
칭따오
칭따오
칭따오
칭따오
칭따오
칭따오
칭따오
칭따오
칭따오
칭따오
칭따오
칭따오
칭따오
칭따오
칭따오
칭따오
칭따오
칭따오
칭따오
칭따오
칭따오
칭따오
칭따오
칭따오
칭따오
칭따오
칭따오
칭따오
칭따오
칭따오
칭따오
칭따오
칭따오
칭따오
칭따오
칭따오
칭따오
칭따오
칭따오
칭따오
칭따오
칭따오
칭따오
칭따오
칭따오
칭따오
칭따오
칭따오
칭따오
칭따오
칭따오
칭따오
칭따오
칭따오
칭따오
칭따오
칭따오
칭따오
칭따오
칭따오
칭따오
칭따오
칭따오
칭따오
칭따오
칭따오
칭따오
칭따오
칭따오
칭따오
칭따오
칭따오
칭따오
칭따오
칭따오
칭따오
칭따오
칭따오
칭따오
칭따오
칭따오
칭따오
칭따오
칭따오
칭따오
칭따오
칭따오
칭따오
칭따오
칭따오
칭따오
칭따오
칭따오
칭따오
칭따오
칭따오
칭따오
칭따오
칭따오
칭따오
칭따오
칭따오
칭따오
칭따오
칭따오
칭따오
칭따오
칭따오
칭따오
칭따오
칭따오
칭따오
칭따오
칭따오
칭따오
칭따오
칭따오
칭따오
칭따오
칭따오
칭따오
칭따오
칭따오
칭따오
칭따오
칭따오
칭따오
칭따오
칭따오
칭따오
칭따오
칭따오
칭따오
칭따오
칭따오
칭따오
칭따오
칭따오
칭따오
칭따오
칭따오
칭따오
칭따오
칭따오
칭따오
칭따오
칭따오
칭따오
칭따오
칭따오
칭따오
칭따오
칭따오
칭따오
칭따오
칭따오
칭따오
칭따오
칭따오
칭따오
칭따오
칭따오
칭따오
칭따오
칭따오
칭따오
칭따오
칭따오
칭따오
칭따오
칭따오
칭따오
칭따오
칭따오
칭따오
칭따오
칭따오
칭따오
칭따오
칭따오
칭따오
칭따오
칭따오
칭따오
칭따오
칭따오
칭따오
칭따오
칭따오
칭따오
칭따오
칭따오
칭따오
칭따오
칭따오
칭따오
칭따오
칭따오
칭따오
칭따오
칭따오
칭따오
칭따오
칭따오
칭따오
칭따오
칭따오
칭따오
칭따오
칭따오
칭따오
칭따오
칭따오
칭따오
칭따오
칭따오
칭따오
칭따오
칭따오
칭따오
칭따오
칭따오
칭따오
칭따오
칭따오
칭따오
칭따오
칭따오
칭따오
칭따오
칭따오
칭따오
칭따오
칭따오
칭따오
칭따오
칭따오
칭따오
칭따오
칭따오
칭따오
칭따오
칭따오
칭따오
칭따오
칭따오
칭따오
칭따오
칭따오
칭따오
칭따오
칭따오
칭따오
칭따오
칭따오
칭따오
칭따오
칭따오
칭따오
칭따오
칭따오
칭따오
칭따오
칭따오
칭따오
칭따오
칭따오
칭따오
칭따오
칭따오
칭따오
칭따오
칭따오
칭따오
칭따오
칭따오
칭따오
칭따오
칭따오
칭따오
칭따오
칭따오
칭따오
칭따오
칭따오
칭따오
칭따오
칭따오
칭따오
칭따오
칭따오
칭따오
칭따오
칭따오
칭따오
칭따오
칭따오
칭따오
칭따오
칭따오
칭따오
칭따오
칭따오
칭따오
칭따오
칭따오
칭따오
칭따오
칭따오
칭따오
칭따오
칭따오
칭따오
칭따오
칭따오
칭따오
칭따오
칭따오
칭따오
칭따오
칭따오
칭따오
칭따오
칭따오
칭따오
칭따오
칭따오
칭따오
칭따오
칭따오
칭따오
칭따오
칭따오
칭따오
칭따오
칭따오
칭따오
칭따오
칭따오
칭따오
칭따오
칭따오
칭따오
칭따오
칭따오
칭따오
칭따오
칭따오
칭따오
칭따오
칭따오
칭따오
칭따오
칭따오
칭따오
칭따오
칭따오
칭따오
칭따오
칭따오
칭따오
칭따오
칭따오
칭따오
칭따오
칭따오
칭따오
칭따오
칭따오
칭따오
칭따오
칭따오
칭따오
칭따오
칭따오
칭따오
칭따오
칭따오
칭따오
칭따오
칭따오
칭따오
칭따오
칭따오
칭따오
칭따오
칭따오
칭따오
칭따오
칭따오
칭따오
칭따오
칭따오
칭따오
칭따오
칭따오
칭따오
칭따오
칭따오
칭따오
칭따오
칭따오
칭따오
칭따오
칭따오
칭따오
칭따오
칭따오
칭따오
칭따오
칭따오
칭따오
칭따오
칭따오
칭따오
칭따오
칭따오
칭따오
칭따오
칭따오
칭따오
칭따오
칭따오
칭따오
칭따오
칭따오
칭따오
칭따오
칭따오
칭따오
칭따오
칭따오
칭따오
칭따오
칭따오
칭따오
칭따오
칭따오
칭따오
칭따오
칭따오
칭따오
칭따오
칭따오
칭따오
칭따오
칭따오
칭따오
칭따오
칭따오
칭따오
칭따오
칭따오
칭따오
칭따오
칭따오
칭따오
칭따오
칭따오
칭따오
칭따오
칭따오
칭따오
칭따오
칭따오
칭따오
칭따오
칭따오
칭따오
칭따오
칭따오
칭따오
칭따오
칭따오
칭따오
칭따오
칭따오
칭따오
칭따오
칭따오
칭따오
칭따오
칭따오
칭따오
칭따오
칭따오
칭따오
칭따오
칭따오
칭따오
칭따오
칭따오
칭따오
칭따오
칭따오
칭따오
칭따오
칭따오
칭따오
칭따오
칭따오
칭따오
칭따오
칭따오
칭따오
칭따오
칭따오
칭따오
칭따오
칭따오
칭따오
칭따오
칭따오
칭따오
칭따오
칭따오
칭따오
칭따오
칭따오
칭따오
칭따오
칭따오
칭따오
칭따오
칭따오
칭따오
칭따오
칭따오
칭따오
칭따오
칭따오
칭따오
칭따오
칭따오
칭따오
칭따오
칭따오
칭따오
칭따오
칭따오
칭따오
칭따오
칭따오
칭따오
칭따오
칭따오
칭따오
칭따오
칭따오
칭따오
칭따오
칭따오
칭따오
칭따오
칭따오
칭따오
칭따오
칭따오
칭따오
칭따오
칭따오
칭따오
칭따오
칭따오
칭따오
칭따오
칭따오
칭따오
칭따오
칭따오
칭따오
칭따오
칭따오
칭따오
칭따오
칭따오
칭따오
칭따오
칭따오
칭따오
칭따오
칭따오
칭따오
칭따오
칭따오
칭따오
칭따오
칭따오
칭따오
칭따오
칭따오
칭따오
칭따오
칭따오
칭따오
칭따오
칭따오
칭따오
칭따오
칭따오
칭따오
칭따오
칭따오
칭따오
칭따오
칭따오
칭따오
칭따오
칭따오
칭따오
칭따오
칭따오
칭따오
칭따오
칭따오
칭따오
칭따오
칭따오
칭따오
칭따오
칭따오
칭따오
칭따오
칭따오
칭따오
칭따오
칭따오
칭따오
칭따오
칭따오
칭따오
칭따오
칭따오
칭따오
칭따오
칭따오
칭따오
칭따오
칭따오
칭따오
칭따오
칭따오
칭따오
칭따오
칭따오
칭따오
칭따오
칭따오
칭따오
칭따오
칭따오
칭따오
칭따오
칭따오
칭따오
칭따오
칭따오
칭따오
칭따오
칭따오
칭따오
칭따오
칭따오
칭따오
칭따오
칭따오
칭따오
칭따오
칭따오
칭따오
칭따오
칭따오
칭따오
칭따오
칭따오
칭따오
칭따오
칭따오
칭따오
칭따오
칭따오
칭따오
칭따오
칭따오
칭따오
칭따오
칭따오
칭따오
칭따오
칭따오
칭따오
칭따오
칭따오
칭따오
칭따오
칭따오
칭따오
칭따오
칭따오
칭따오
칭따오
칭따오
칭따오
칭따오
칭따오
칭따오
칭따오
칭따오
칭따오
칭따오
칭따오
칭따오
칭따오
칭따오
칭따오
칭따오
칭따오
칭따오
칭따오
칭따오
칭따오
칭따오
칭따오
칭따오
칭따오
칭따오
칭따오
칭따오
칭따오
칭따오
칭따오
칭따오
칭따오
칭따오
칭따오
칭따오
칭따오
칭따오
칭따오
칭따오
칭따오
칭따오
칭따오
칭따오
칭따오
칭따오
칭따오
칭따오
칭따오
칭따오
칭따오
칭따오
칭따오
칭따오
칭따오
칭따오
칭따오
칭따오
칭따오
칭따오
칭따오
칭따오
칭따오
칭따오
칭따오
칭따오
칭따오
칭따오
칭따오
칭따오
칭따오
칭따오
칭따오
칭따오
칭따오
칭따오
칭따오
칭따오
칭따오
칭따오
칭따오
칭따오
칭따오
칭따오
칭따오
칭따오
칭따오
칭따오
칭따오
칭따오
칭따오
칭따오
칭따오
칭따오
칭따오
칭따오
칭따오
칭따오
칭따오
칭따오
칭따오
칭따오
칭따오
칭따오
칭따오
칭따오
칭따오
칭따오
칭따오
칭따오
칭따오
칭따오
칭따오
칭따오
칭따오
칭따오
칭따오
칭따오
칭따오
칭따오
칭따오
칭따오
칭따오
칭따오
칭따오
칭따오
칭따오
칭따오
칭따오
칭따오
칭따오
칭따오
칭따오
칭따오
칭따오
칭따오
칭따오
칭따오
칭따오
칭따오
칭따오
칭따오
칭따오
칭따오
칭따오
칭따오
칭따오
칭따오
칭따오
칭따오
칭따오
칭따오
칭따오
칭따오
칭따오
칭따오
칭따오
칭따오
칭따오
칭따오
칭따오
칭따오
칭따오
칭따오
칭따오
칭따오
칭따오
칭따오
칭따오
칭따오
칭따오
칭따오
칭따오
칭따오
칭따오
칭따오
칭따오
칭따오
칭따오
칭따오
칭따오
칭따오
칭따오
칭따오
칭따오
칭따오
칭따오
칭따오
칭따오
칭따오
칭따오
칭따오
칭따오
칭따오
칭따오
칭따오
칭따오
칭따오
칭따오
칭따오
칭따오
칭따오
칭따오
칭따오
칭따오
칭따오
칭따오
칭따오
칭따오
칭따오
칭따오
칭따오
칭따오
칭따오
칭따오
칭따오
칭따오
칭따오
칭따오
칭따오
칭따오
칭따오
칭따오
칭따오
칭따오
칭따오
칭따오
칭따오
칭따오
칭따오
칭따오
칭따오
칭따오
칭따오
칭따오
칭따오
칭따오
칭따오
칭따오
칭따오
칭따오
칭따오
칭따오
칭따오
칭따오
칭따오
칭따오
칭따오
칭따오
칭따오
칭따오
칭따오
칭따오
칭따오
칭따오
칭따오
칭따오
칭따오
칭따오
칭따오
칭따오
칭따오
칭따오
칭따오
칭따오
칭따오
칭따오
칭따오
칭따오
칭따오
칭따오
칭따오
칭따오
칭따오
칭따오
칭따오
칭따오
칭따오
칭따오
칭따오
칭따오
칭따오
칭따오
칭따오
칭따오
칭따오
칭따오
칭따오
칭따오
칭따오
칭따오
칭따오
칭따오
칭따오
칭따오
칭따오
칭따오
칭따오
칭따오
칭따오
칭따오
칭따오
칭따오
칭따오
칭따오
칭따오
칭따오
칭따오
칭따오
칭따오
칭따오
칭따오
칭따오
칭따오
칭따오
칭따오
칭따오
칭따오
칭따오
칭따오
칭따오
칭따오
칭따오
칭따오
칭따오
칭따오
칭따오
칭따오
칭따오
칭따오
칭따오
칭따오
칭따오
칭따오
칭따오
칭따오
칭따오
칭따오
칭따오
칭따오
칭따오
칭따오
칭따오
칭따오
칭따오
칭따오
칭따오
칭따오
칭따오
칭따오
칭따오
칭따오
칭따오
칭따오
칭따오
칭따오
칭따오
칭따오
칭따오
칭따오
칭따오
칭따오
칭따오
칭따오
칭따오
칭따오
칭따오
칭따오
칭따오
칭따오
칭따오
칭따오
칭따오
칭따오
칭따오
칭따오
칭따오
칭따오
칭따오
칭따오
칭따오
칭따오
칭따오
칭따오
칭따오
칭따오
칭따오
칭따오
칭따오
칭따오
칭따오
칭따오
칭따오
칭따오
칭따오
칭따오
칭따오
칭따오
칭따오
칭따오
칭따오
칭따오
칭따오
칭따오
칭따오
칭따오
칭따오
칭따오
칭따오
칭따오
칭따오
칭따오
칭따오
칭따오
칭따오
칭따오
칭따오
칭따오
칭따오
칭따오
칭따오
칭따오
칭따오
칭따오
칭따오
칭따오
칭따오
칭따오
칭따오
칭따오
칭따오
칭따오
칭따오
칭따오
칭따오
칭따오
칭따오
칭따오
칭따오
칭따오
칭따오
칭따오
칭따오
칭따오
칭따오
칭따오
칭따오
칭따오
칭따오
칭따오
칭따오
칭따오
칭따오
칭따오
칭따오
칭따오
칭따오
칭따오
칭따오
칭따오
칭따오
칭따오
칭따오
칭따오
칭따오
칭따오
칭따오
칭따오
칭따오
칭따오
칭따오
칭따오
칭따오
칭따오
칭따오
칭따오
칭따오
칭따오
칭따오
칭따오
칭따오
칭따오
칭따오
칭따오
칭따오
칭따오
칭따오
칭따오
칭따오
칭따오
칭따오
칭따오
칭따오
칭따오
칭따오
칭따오
칭따오
칭따오
칭따오
칭따오
칭따오
칭따오
칭따오
칭따오
칭따오
칭따오
칭따오
칭따오
칭따오
칭따오
칭따오
칭따오
칭따오
칭따오
칭따오
칭따오
칭따오
칭따오
칭따오
칭따오
칭따오
칭따오
칭따오
칭따오
칭따오
칭따오
칭따오
칭따오
칭따오
칭따오
칭따오
칭따오
칭따오
칭따오
칭따오
칭따오
칭따오
칭따오
칭따오
칭따오
칭따오
칭따오
칭따오
칭따오
칭따오
칭따오
칭따오
칭따오
칭따오
칭따오
칭따오
칭따오
칭따오
칭따오
칭따오
칭따오
칭따오
칭따오
칭따오
칭따오
칭따오
칭따오
칭따오
칭따오
칭따오
칭따오
칭따오
칭따오
칭따오
칭따오
칭따오
칭따오
칭따오
칭따오
칭따오
칭따오
칭따오
칭따오
칭따오
칭따오
칭따오
칭따오
칭따오
칭따오
칭따오
칭따오
칭따오
칭따오
칭따오
칭따오
칭따오
칭따오
칭따오
칭따오
칭따오
칭따오
칭따오
칭따오
칭따오
칭따오
칭따오
칭따오
칭따오
칭따오
칭따오
칭따오
칭따오
칭따오
칭따오
칭따오
칭따오
칭따오
칭따오
칭따오
칭따오
칭따오
칭따오
칭따오
칭따오
칭따오
칭따오
칭따오
칭따오
칭따오
칭따오
칭따오
칭따오
칭따오
칭따오
칭따오
칭따오
칭따오
칭따오
칭따오
칭따오
칭따오
칭따오
칭따오
칭따오
칭따오
칭따오
칭따오
칭따오
칭따오
칭따오
칭따오
칭따오
칭따오
칭따오
칭따오
칭따오
칭따오
칭따오
칭따오
칭따오
칭따오
칭따오
칭따오
칭따오
칭따오
칭따오
칭따오
칭따오
칭따오
칭따오
칭따오
칭따오
칭따오
칭따오
칭따오
칭따오
칭따오
칭따오
칭따오
칭따오
칭따오
칭따오
칭따오
칭따오
칭따오
칭따오
칭따오
칭따오
칭따오
칭따오
칭따오
칭따오
칭따오
칭따오
칭따오
칭따오
칭따오
칭따오
칭따오
칭따오
칭따오
칭따오
칭따오
칭따오
칭따오
칭따오
칭따오
칭따오
칭따오
칭따오
칭따오
칭따오
칭따오
칭따오
칭따오
칭따오
칭따오
칭따오
칭따오
칭따오
칭따오
칭따오
칭따오
칭따오
칭따오
칭따오
칭따오
칭따오
칭따오
칭따오
칭따오
칭따오
칭따오
칭따오
칭따오
칭따오
칭따오
칭따오
칭따오
칭따오
칭따오
칭따오
칭따오
칭따오
칭따오
칭따오
칭따오
칭따오
칭따오
칭따오
칭따오
칭따오
칭따오
칭따오
칭따오
칭따오
칭따오
칭따오
칭따오
칭따오
칭따오
칭따오
칭따오
칭따오
칭따오
칭따오
칭따오
칭따오
칭따오
칭따오
칭따오
칭따오
칭따오
칭따오
칭따오
칭따오
칭따오
칭따오
칭따오
칭따오
칭따오
칭따오
칭따오
칭따오
칭따오
칭따오
칭따오
칭따오
칭따오
칭따오
칭따오
칭따오
칭따오
칭따오
칭따오
칭따오
칭따오
칭따오
칭따오
칭따오
칭따오
칭따오
칭따오
칭따오
칭따오
칭따오
칭따오
칭따오
칭따오
칭따오
칭따오
칭따오
칭따오
칭따오
칭따오
칭따오
칭따오
칭따오
칭따오
칭따오
칭따오
칭따오
칭따오
칭따오
칭따오
칭따오
칭따오
칭따오
칭따오
칭따오
칭따오
칭따오
칭따오
칭따오
칭따오
칭따오
칭따오
칭따오
칭따오
칭따오
칭따오
칭따오
칭따오
칭따오
칭따오
칭따오
칭따오
칭따오
칭따오
칭따오
칭따오
칭따오
칭따오
칭따오
칭따오
칭따오
칭따오
칭따오
칭따오
칭따오
칭따오
칭따오
칭따오
칭따오
칭따오
칭따오
칭따오
칭따오
칭따오
칭따오
칭따오
칭따오
칭따오
칭따오
칭따오
칭따오
칭따오
칭따오
칭따오
칭따오
칭따오
칭따오
칭따오
칭따오
칭따오
칭따오
칭따오
칭따오
칭따오
칭따오
칭따오
칭따오
칭따오
칭따오
칭따오
칭따오
칭따오
칭따오
칭따오
칭따오
칭따오
칭따오
칭따오
칭따오
칭따오
칭따오
칭따오
칭따오
칭따오
칭따오
칭따오
칭따오
칭따오
칭따오
칭따오
칭따오
칭따오
칭따오
칭따오
칭따오
칭따오
칭따오
칭따오
칭따오
칭따오
칭따오
칭따오
칭따오
칭따오
칭따오
칭따오
칭따오
칭따오
칭따오
칭따오
칭따오
칭따오
칭따오
칭따오
칭따오
칭따오
칭따오
칭따오
칭따오
칭따오
칭따오
칭따오
칭따오
칭따오
칭따오
칭따오
칭따오
칭따오
칭따오
칭따오
칭따오
칭따오
칭따오
칭따오
칭따오
칭따오
칭따오
칭따오
칭따오
칭따오
칭따오
칭따오
칭따오
칭따오
칭따오
칭따오
칭따오
칭따오
칭따오
칭따오
칭따오
칭따오
칭따오
칭따오
칭따오
칭따오
칭따오
칭따오
칭따오
칭따오
칭따오
칭따오
칭따오
칭따오
칭따오
칭따오
칭따오
칭따오
칭따오
칭따오
칭따오
칭따오
칭따오
칭따오
칭따오
칭따오
칭따오
칭따오
칭따오
칭따오
칭따오
칭따오
칭따오
칭따오
칭따오
칭따오
칭따오
칭따오
칭따오
칭따오
칭따오
칭따오
칭따오
칭따오
칭따오
칭따오
칭따오
칭따오
칭따오
칭따오
칭따오
칭따오
칭따오
칭따오
칭따오
칭따오
칭따오
칭따오
칭따오
칭따오
칭따오
칭따오
칭따오
칭따오
칭따오
칭따오
칭따오
칭따오
칭따오
칭따오
칭따오
칭따오
칭따오
칭따오
칭따오
칭따오
칭따오
칭따오
칭따오
칭따오
칭따오
칭따오
칭따오
칭따오
칭따오
칭따오
칭따오
칭따오
칭따오
칭따오
칭따오
칭따오
칭따오
칭따오
칭따오
칭따오
칭따오
칭따오
칭따오
칭따오
칭따오
칭따오
칭따오
칭따오
칭따오
칭따오
칭따오
칭따오
칭따오
칭따오
칭따오
칭따오
칭따오
칭따오
칭따오
칭따오
칭따오
칭따오
칭따오
칭따오
칭따오
칭따오
칭따오
칭따오
칭따오
칭따오
칭따오
칭따오
칭따오
칭따오
칭따오
칭따오
칭따오
칭따오
칭따오
칭따오
칭따오
칭따오
칭따오
칭따오
칭따오
칭따오
칭따오
칭따오
칭따오
칭따오
칭따오
칭따오
칭따오
칭따오
칭따오
칭따오
칭따오
칭따오
칭따오
칭따오
칭따오
칭따오
칭따오
칭따오
칭따오
칭따오
칭따오
칭따오
칭따오
칭따오
칭따오
칭따오
칭따오
칭따오
칭따오
칭따오
칭따오
칭따오
칭따오
칭따오
칭따오
칭따오
칭따오
칭따오
칭따오
칭따오
칭따오
칭따오
칭따오
칭따오
칭따오
칭따오
칭따오
칭따오
칭따오
칭따오
칭따오
칭따오
칭따오
칭따오
칭따오
칭따오
칭따오
칭따오
칭따오
칭따오
칭따오
칭따오
칭따오
칭따오
칭따오
칭따오
칭따오
칭따오
칭따오
칭따오
칭따오
칭따오
칭따오
칭따오
칭따오
칭따오
칭따오
칭따오
칭따오
칭따오
칭따오
칭따오
칭따오
칭따오
칭따오
칭따오
칭따오
칭따오
칭따오
칭따오
칭따오
칭따오
칭따오
칭따오
칭따오
칭따오
칭따오
칭따오
칭따오
칭따오
칭따오
칭따오
칭따오
칭따오
칭따오
칭따오
칭따오
칭따오
칭따오
칭따오
칭따오
칭따오
칭따오
칭따오
칭따오
칭따오
칭따오
칭따오
칭따오
칭따오
칭따오
칭따오
칭따오
칭따오
칭따오
칭따오
칭따오
칭따오
칭따오
칭따오
칭따오
칭따오
칭따오
칭따오
칭따오
칭따오
칭따오
칭따오
칭따오
칭따오
칭따오
칭따오
칭따오
칭따오
칭따오
칭따오
칭따오
칭따오
칭따오
칭따오
칭따오
칭따오
칭따오
칭따오
칭따오
칭따오
칭따오
칭따오
칭따오
칭따오
칭따오
칭따오
칭따오
칭따오
칭따오
칭따오
칭따오
칭따오
칭따오
칭따오
칭따오
칭따오
칭따오
칭따오
칭따오
칭따오
칭따오
칭따오
칭따오
칭따오
카스
카스
카스
카스
카스
카스
카스
카스
카스
카스
카스
카스
카스
카스
카스
카스
카스
카스
카스
카스
카스
카스
카스
카스
카스
카스
카스
카스
카스
카스
카스
카스
카스
카스
카스
카스
카스
카스
카스
카스
카스
카스
카스
카스
카스
카스
카스
카스
카스
카스
카스
카스
카스
카스
카스
카스
카스
카스
카스
카스
카스
카스
카스
카스
카스
카스
카스
카스
카스
카스
카스
카스
카스
카스
카스
카스
카스
카스
카스
카스
카스
카스
카스
카스
카스
카스
카스
카스
카스
카스
카스
카스
카스
카스
카스
카스
카스
카스
카스
카스
카스
카스
카스
카스
카스
카스
카스
카스
카스
카스
카스
카스
카스
카스
카스
카스
카스
카스
카스
카스
카스
카스
카스
카스
카스
카스
카스
카스
카스
카스
카스
카스
카스
카스
카스
카스
카스
카스
카스
카스
카스
카스
카스
카스
카스
카스
카스
카스
카스
카스
카스
카스
카스
카스
카스
카스
카스
카스
카스
카스
카스
카스
카스
카스
카스
카스
카스
카스
카스
카스
카스
카스
카스
카스
카스
카스
카스
카스
카스
카스
카스
카스
카스
카스
카스
카스
카스
카스
카스
카스
카스
카스
카스
카스
카스
카스
카스
카스
카스
카스
카스
카스
카스
카스
카스
카스
카스
카스
카스
카스
카스
카스
카스
카스
카스
카스
카스
카스
카스
카스
카스
카스
카스
카스
카스
카스
카스
카스
카스
카스
카스
카스
카스
카스
카스
카스
카스
카스
카스
카스
카스
카스
카스
카스
카스
카스
카스
카스
카스
카스
카스
카스
카스
카스
카스
카스
카스
카스
카스
카스
카스
카스
카스
카스
카스
카스
카스
카스
카스
카스
카스
카스
카스
카스
카스
카스
카스
카스
카스
카스
카스
카스
카스
카스
카스
카스
카스
카스
카스
카스
카스
카스
카스
카스
카스
카스
카스
카스
카스
카스
카스
카스
카스
카스
카스
카스
카스
카스
카스
카스
카스
카스
칼스버그
칼스버그
칼스버그
칼스버그
칼스버그
칼스버그
칼스버그
칼스버그
칼스버그
칼스버그
칼스버그
칼스버그
칼스버그
칼스버그
칼스버그
칼스버그
칼스버그
칼스버그
칼스버그
칼스버그
칼스버그
칼스버그
칼스버그
칼스버그
칼스버그
칼스버그
칼스버그
칼스버그
칼스버그
칼스버그
칼스버그
칼스버그
칼스버그
칼스버그
칼스버그
칼스버그
칼스버그
칼스버그
칼스버그
칼스버그
칼스버그
칼스버그
칼스버그
칼스버그
칼스버그
칼스버그
칼스버그
칼스버그
칼스버그
칼스버그
칼스버그
칼스버그
칼스버그
칼스버그
칼스버그
칼스버그
칼스버그
칼스버그
칼스버그
칼스버그
칼스버그
칼스버그
칼스버그
칼스버그
칼스버그
칼스버그
칼스버그
칼스버그
칼스버그
칼스버그
칼스버그
칼스버그
칼스버그
칼스버그
칼스버그
칼스버그
칼스버그
칼스버그
칼스버그
칼스버그
칼스버그
칼스버그
칼스버그
칼스버그
칼스버그
칼스버그
칼스버그
칼스버그
칼스버그
칼스버그
칼스버그
칼스버그
칼스버그
칼스버그
칼스버그
칼스버그
칼스버그
칼스버그
칼스버그
칼스버그
칼스버그
칼스버그
칼스버그
칼스버그
칼스버그
칼스버그
칼스버그
칼스버그
칼스버그
칼스버그
칼스버그
칼스버그
칼스버그
칼스버그
칼스버그
칼스버그
칼스버그
칼스버그
칼스버그
칼스버그
칼스버그
칼스버그
칼스버그
칼스버그
칼스버그
칼스버그
칼스버그
칼스버그
칼스버그
칼스버그
칼스버그
칼스버그
칼스버그
칼스버그
칼스버그
칼스버그
칼스버그
칼스버그
칼스버그
칼스버그
칼스버그
칼스버그
칼스버그
칼스버그
칼스버그
칼스버그
칼스버그
칼스버그
칼스버그
칼스버그
칼스버그
칼스버그
칼스버그
칼스버그
칼스버그
칼스버그
칼스버그
칼스버그
칼스버그
칼스버그
칼스버그
칼스버그
칼스버그
칼스버그
칼스버그
칼스버그
칼스버그
칼스버그
칼스버그
칼스버그
칼스버그
칼스버그
칼스버그
칼스버그
칼스버그
칼스버그
칼스버그
칼스버그
칼스버그
칼스버그
칼스버그
칼스버그
칼스버그
칼스버그
칼스버그
칼스버그
칼스버그
칼스버그
칼스버그
칼스버그
칼스버그
칼스버그
칼스버그
칼스버그
칼스버그
칼스버그
칼스버그
칼스버그
칼스버그
칼스버그
칼스버그
칼스버그
칼스버그
칼스버그
칼스버그
칼스버그
칼스버그
칼스버그
칼스버그
칼스버그
칼스버그
칼스버그
칼스버그
칼스버그
칼스버그
칼스버그
칼스버그
칼스버그
칼스버그
칼스버그
칼스버그
칼스버그
칼스버그
칼스버그
칼스버그
칼스버그
칼스버그
칼스버그
칼스버그
칼스버그
칼스버그
칼스버그
칼스버그
칼스버그
칼스버그
칼스버그
칼스버그
칼스버그
칼스버그
칼스버그
칼스버그
칼스버그
칼스버그
칼스버그
칼스버그
칼스버그
칼스버그
칼스버그
칼스버그
칼스버그
칼스버그
칼스버그
칼스버그
칼스버그
칼스버그
칼스버그
칼스버그
칼스버그
칼스버그
칼스버그
칼스버그
칼스버그
칼스버그
칼스버그
칼스버그
칼스버그
칼스버그
칼스버그
칼스버그
칼스버그
칼스버그
칼스버그
칼스버그
칼스버그
칼스버그
칼스버그
칼스버그
칼스버그
칼스버그
칼스버그
칼스버그
칼스버그
칼스버그
칼스버그
칼스버그
칼스버그
칼스버그
칼스버그
칼스버그
칼스버그
칼스버그
칼스버그
칼스버그
칼스버그
칼스버그
칼스버그
칼스버그
칼스버그
칼스버그
칼스버그
칼스버그
칼스버그
칼스버그
칼스버그
칼스버그
칼스버그
칼스버그
칼스버그
칼스버그
칼스버그
칼스버그
칼스버그
칼스버그
칼스버그
칼스버그
칼스버그
칼스버그
칼스버그
칼스버그
칼스버그
칼스버그
칼스버그
칼스버그
칼스버그
칼스버그
칼스버그
칼스버그
칼스버그
칼스버그
칼스버그
칼스버그
칼스버그
칼스버그
칼스버그
칼스버그
칼스버그
칼스버그
칼스버그
칼스버그
칼스버그
칼스버그
칼스버그
칼스버그
칼스버그
칼스버그
칼스버그
칼스버그
칼스버그
칼스버그
칼스버그
칼스버그
칼스버그
칼스버그
칼스버그
칼스버그
칼스버그
칼스버그
칼스버그
칼스버그
칼스버그
칼스버그
칼스버그
칼스버그
칼스버그
칼스버그
칼스버그
칼스버그
칼스버그
칼스버그
칼스버그
칼스버그
칼스버그
칼스버그
칼스버그
칼스버그
칼스버그
칼스버그
칼스버그
칼스버그
칼스버그
칼스버그
칼스버그
칼스버그
칼스버그
칼스버그
칼스버그
칼스버그
칼스버그
칼스버그
칼스버그
칼스버그
칼스버그
칼스버그
칼스버그
칼스버그
칼스버그
칼스버그
칼스버그
칼스버그
칼스버그
칼스버그
칼스버그
칼스버그
칼스버그
칼스버그
칼스버그
칼스버그
칼스버그
칼스버그
칼스버그
칼스버그
칼스버그
칼스버그
칼스버그
칼스버그
칼스버그
칼스버그
칼스버그
칼스버그
칼스버그
칼스버그
칼스버그
칼스버그
칼스버그
칼스버그
칼스버그
칼스버그
칼스버그
칼스버그
칼스버그
칼스버그
칼스버그
칼스버그
칼스버그
칼스버그
칼스버그
칼스버그
칼스버그
칼스버그
칼스버그
칼스버그
칼스버그
칼스버그
칼스버그
칼스버그
칼스버그
칼스버그
칼스버그
칼스버그
칼스버그
칼스버그
칼스버그
칼스버그
칼스버그
칼스버그
칼스버그
칼스버그
칼스버그
칼스버그
칼스버그
칼스버그
칼스버그
칼스버그
칼스버그
칼스버그
칼스버그
칼스버그
칼스버그
칼스버그
칼스버그
칼스버그
칼스버그
칼스버그
칼스버그
칼스버그
칼스버그
칼스버그
칼스버그
칼스버그
칼스버그
칼스버그
칼스버그
칼스버그
칼스버그
칼스버그
칼스버그
칼스버그
칼스버그
칼스버그
칼스버그
칼스버그
칼스버그
칼스버그
칼스버그
칼스버그
칼스버그
칼스버그
칼스버그
칼스버그
칼스버그
칼스버그
칼스버그
칼스버그
칼스버그
칼스버그
칼스버그
칼스버그
칼스버그
칼스버그
칼스버그
칼스버그
칼스버그
칼스버그
칼스버그
칼스버그
칼스버그
칼스버그
칼스버그
칼스버그
칼스버그
칼스버그
칼스버그
칼스버그
칼스버그
칼스버그
칼스버그
칼스버그
칼스버그
칼스버그
칼스버그
칼스버그
칼스버그
칼스버그
칼스버그
칼스버그
칼스버그
칼스버그
칼스버그
칼스버그
칼스버그
칼스버그
칼스버그
칼스버그
칼스버그
칼스버그
칼스버그
칼스버그
칼스버그
칼스버그
칼스버그
칼스버그
칼스버그
칼스버그
칼스버그
칼스버그
칼스버그
칼스버그
칼스버그
칼스버그
칼스버그
칼스버그
칼스버그
칼스버그
칼스버그
칼스버그
칼스버그
칼스버그
칼스버그
칼스버그
칼스버그
칼스버그
칼스버그
칼스버그
칼스버그
칼스버그
칼스버그
칼스버그
칼스버그
칼스버그
칼스버그
칼스버그
칼스버그
칼스버그
칼스버그
칼스버그
칼스버그
칼스버그
칼스버그
칼스버그
칼스버그
칼스버그
칼스버그
칼스버그
칼스버그
칼스버그
칼스버그
칼스버그
칼스버그
칼스버그
칼스버그
칼스버그
칼스버그
칼스버그
칼스버그
칼스버그
칼스버그
칼스버그
칼스버그
칼스버그
칼스버그
칼스버그
칼스버그
칼스버그
칼스버그
칼스버그
칼스버그
칼스버그
칼스버그
칼스버그
칼스버그
칼스버그
칼스버그
칼스버그
칼스버그
칼스버그
칼스버그
칼스버그
칼스버그
칼스버그
칼스버그
칼스버그
칼스버그
칼스버그
칼스버그
칼스버그
칼스버그
칼스버그
칼스버그
칼스버그
칼스버그
칼스버그
칼스버그
칼스버그
칼스버그
칼스버그
칼스버그
칼스버그
칼스버그
칼스버그
칼스버그
칼스버그
칼스버그
칼스버그
칼스버그
칼스버그
칼스버그
칼스버그
칼스버그
칼스버그
칼스버그
칼스버그
칼스버그
칼스버그
칼스버그
칼스버그
칼스버그
칼스버그
칼스버그
칼스버그
칼스버그
칼스버그
칼스버그
칼스버그
칼스버그
칼스버그
칼스버그
칼스버그
칼스버그
칼스버그
칼스버그
칼스버그
칼스버그
칼스버그
칼스버그
칼스버그
칼스버그
칼스버그
칼스버그
칼스버그
칼스버그
칼스버그
칼스버그
칼스버그
칼스버그
칼스버그
칼스버그
칼스버그
칼스버그
칼스버그
칼스버그
칼스버그
칼스버그
칼스버그
칼스버그
칼스버그
칼스버그
칼스버그
칼스버그
칼스버그
칼스버그
칼스버그
칼스버그
칼스버그
칼스버그
칼스버그
칼스버그
칼스버그
칼스버그
칼스버그
칼스버그
칼스버그
칼스버그
칼스버그
칼스버그
칼스버그
칼스버그
칼스버그
칼스버그
칼스버그
칼스버그
칼스버그
칼스버그
칼스버그
칼스버그
칼스버그
칼스버그
칼스버그
칼스버그
칼스버그
칼스버그
칼스버그
칼스버그
칼스버그
칼스버그
칼스버그
칼스버그
칼스버그
칼스버그
칼스버그
칼스버그
칼스버그
칼스버그
칼스버그
칼스버그
칼스버그
칼스버그
칼스버그
칼스버그
칼스버그
칼스버그
칼스버그
칼스버그
칼스버그
칼스버그
칼스버그
칼스버그
칼스버그
칼스버그
칼스버그
칼스버그
칼스버그
칼스버그
칼스버그
칼스버그
칼스버그
칼스버그
칼스버그
칼스버그
칼스버그
칼스버그
칼스버그
칼스버그
칼스버그
칼스버그
칼스버그
칼스버그
칼스버그
칼스버그
칼스버그
칼스버그
칼스버그
칼스버그
칼스버그
칼스버그
칼스버그
칼스버그
칼스버그
칼스버그
칼스버그
칼스버그
칼스버그
칼스버그
칼스버그
칼스버그
칼스버그
칼스버그
칼스버그
칼스버그
칼스버그
칼스버그
칼스버그
칼스버그
칼스버그
칼스버그
칼스버그
칼스버그
칼스버그
칼스버그
칼스버그
칼스버그
칼스버그
칼스버그
칼스버그
칼스버그
칼스버그
칼스버그
칼스버그
칼스버그
칼스버그
칼스버그
칼스버그
칼스버그
칼스버그
칼스버그
칼스버그
칼스버그
칼스버그
칼스버그
칼스버그
칼스버그
칼스버그
칼스버그
칼스버그
칼스버그
칼스버그
칼스버그
칼스버그
칼스버그
칼스버그
칼스버그
칼스버그
칼스버그
칼스버그
칼스버그
칼스버그
칼스버그
칼스버그
칼스버그
칼스버그
칼스버그
칼스버그
칼스버그
칼스버그
칼스버그
칼스버그
칼스버그
칼스버그
칼스버그
칼스버그
칼스버그
칼스버그
칼스버그
칼스버그
칼스버그
칼스버그
칼스버그
칼스버그
칼스버그
칼스버그
칼스버그
칼스버그
칼스버그
칼스버그
칼스버그
칼스버그
칼스버그
칼스버그
칼스버그
칼스버그
칼스버그
칼스버그
칼스버그
칼스버그
칼스버그
칼스버그
칼스버그
칼스버그
칼스버그
칼스버그
칼스버그
칼스버그
칼스버그
칼스버그
칼스버그
칼스버그
칼스버그
칼스버그
칼스버그
칼스버그
칼스버그
칼스버그
칼스버그
칼스버그
칼스버그
칼스버그
칼스버그
칼스버그
칼스버그
칼스버그
칼스버그
칼스버그
칼스버그
칼스버그
칼스버그
칼스버그
칼스버그
칼스버그
칼스버그
칼스버그
칼스버그
칼스버그
칼스버그
칼스버그
칼스버그
칼스버그
칼스버그
칼스버그
칼스버그
칼스버그
칼스버그
칼스버그
칼스버그
칼스버그
칼스버그
칼스버그
칼스버그
칼스버그
칼스버그
칼스버그
칼스버그
칼스버그
칼스버그
칼스버그
칼스버그
칼스버그
칼스버그
칼스버그
칼스버그
칼스버그
칼스버그
칼스버그
칼스버그
칼스버그
칼스버그
칼스버그
칼스버그
칼스버그
칼스버그
칼스버그
칼스버그
칼스버그
칼스버그
칼스버그
칼스버그
칼스버그
칼스버그
칼스버그
칼스버그
칼스버그
칼스버그
칼스버그
칼스버그
칼스버그
칼스버그
칼스버그
칼스버그
칼스버그
칼스버그
칼스버그
칼스버그
칼스버그
칼스버그
칼스버그
칼스버그
칼스버그
칼스버그
칼스버그
칼스버그
칼스버그
칼스버그
칼스버그
칼스버그
칼스버그
칼스버그
칼스버그
칼스버그
칼스버그
칼스버그
칼스버그
칼스버그
칼스버그
칼스버그
칼스버그
칼스버그
칼스버그
칼스버그
칼스버그
칼스버그
칼스버그
칼스버그
칼스버그
칼스버그
칼스버그
칼스버그
칼스버그
칼스버그
칼스버그
칼스버그
칼스버그
칼스버그
칼스버그
칼스버그
칼스버그
칼스버그
칼스버그
칼스버그
칼스버그
칼스버그
칼스버그
칼스버그
칼스버그
칼스버그
칼스버그
칼스버그
칼스버그
칼스버그
칼스버그
칼스버그
칼스버그
칼스버그
칼스버그
칼스버그
칼스버그
칼스버그
칼스버그
칼스버그
칼스버그
칼스버그
칼스버그
칼스버그
칼스버그
칼스버그
칼스버그
칼스버그
칼스버그
칼스버그
칼스버그
칼스버그
칼스버그
칼스버그
칼스버그
칼스버그
칼스버그
칼스버그
칼스버그
칼스버그
칼스버그
칼스버그
칼스버그
칼스버그
칼스버그
칼스버그
칼스버그
칼스버그
칼스버그
칼스버그
칼스버그
칼스버그
칼스버그
칼스버그
칼스버그
칼스버그
칼스버그
칼스버그
칼스버그
칼스버그
칼스버그
칼스버그
칼스버그
칼스버그
칼스버그
칼스버그
칼스버그
칼스버그
칼스버그
칼스버그
칼스버그
칼스버그
칼스버그
칼스버그
칼스버그
칼스버그
칼스버그
칼스버그
칼스버그
칼스버그
칼스버그
칼스버그
칼스버그
칼스버그
칼스버그
칼스버그
칼스버그
칼스버그
칼스버그
칼스버그
칼스버그
칼스버그
칼스버그
칼스버그
칼스버그
칼스버그
칼스버그
칼스버그
칼스버그
칼스버그
칼스버그
칼스버그
칼스버그
칼스버그
칼스버그
칼스버그
칼스버그
칼스버그
칼스버그
칼스버그
칼스버그
칼스버그
칼스버그
칼스버그
칼스버그
칼스버그
칼스버그
칼스버그
칼스버그
칼스버그
칼스버그
칼스버그
칼스버그
칼스버그
칼스버그
칼스버그
칼스버그
칼스버그
칼스버그
칼스버그
칼스버그
칼스버그
칼스버그
칼스버그
칼스버그
칼스버그
칼스버그
칼스버그
칼스버그
칼스버그
칼스버그
칼스버그
칼스버그
칼스버그
칼스버그
칼스버그
칼스버그
칼스버그
칼스버그
칼스버그
칼스버그
칼스버그
칼스버그
칼스버그
칼스버그
칼스버그
칼스버그
칼스버그
칼스버그
칼스버그
칼스버그
칼스버그
칼스버그
칼스버그
칼스버그
칼스버그
칼스버그
칼스버그
칼스버그
칼스버그
칼스버그
칼스버그
칼스버그
칼스버그
칼스버그
칼스버그
칼스버그
칼스버그
칼스버그
칼스버그
칼스버그
칼스버그
칼스버그
칼스버그
칼스버그
칼스버그
칼스버그
칼스버그
칼스버그
칼스버그
칼스버그
칼스버그
칼스버그
칼스버그
칼스버그
칼스버그
칼스버그
칼스버그
칼스버그
칼스버그
칼스버그
칼스버그
칼스버그
칼스버그
칼스버그
칼스버그
칼스버그
칼스버그
칼스버그
칼스버그
칼스버그
칼스버그
칼스버그
칼스버그
칼스버그
칼스버그
칼스버그
칼스버그
칼스버그
칼스버그
칼스버그
칼스버그
칼스버그
칼스버그
칼스버그
칼스버그
칼스버그
칼스버그
칼스버그
칼스버그
칼스버그
칼스버그
칼스버그
칼스버그
칼스버그
칼스버그
칼스버그
칼스버그
칼스버그
칼스버그
칼스버그
칼스버그
칼스버그
칼스버그
칼스버그
칼스버그
칼스버그
칼스버그
칼스버그
칼스버그
칼스버그
칼스버그
칼스버그
칼스버그
칼스버그
칼스버그
칼스버그
칼스버그
칼스버그
칼스버그
칼스버그
칼스버그
칼스버그
칼스버그
칼스버그
칼스버그
칼스버그
칼스버그
칼스버그
칼스버그
칼스버그
칼스버그
칼스버그
칼스버그
칼스버그
칼스버그
칼스버그
칼스버그
칼스버그
칼스버그
칼스버그
칼스버그
칼스버그
칼스버그
칼스버그
칼스버그
칼스버그
칼스버그
칼스버그
칼스버그
칼스버그
칼스버그
칼스버그
칼스버그
칼스버그
칼스버그
칼스버그
칼스버그
칼스버그
칼스버그
칼스버그
칼스버그
칼스버그
칼스버그
칼스버그
칼스버그
칼스버그
칼스버그
칼스버그
칼스버그
칼스버그
칼스버그
칼스버그
칼스버그
칼스버그
칼스버그
칼스버그
칼스버그
칼스버그
칼스버그
칼스버그
칼스버그
칼스버그
칼스버그
칼스버그
칼스버그
칼스버그
칼스버그
칼스버그
칼스버그
칼스버그
칼스버그
칼스버그
칼스버그
칼스버그
칼스버그
칼스버그
칼스버그
칼스버그
칼스버그
칼스버그
칼스버그
칼스버그
칼스버그
칼스버그
칼스버그
칼스버그
칼스버그
칼스버그
칼스버그
칼스버그
칼스버그
칼스버그
칼스버그
칼스버그
칼스버그
칼스버그
칼스버그
칼스버그
칼스버그
칼스버그
칼스버그
칼스버그
칼스버그
칼스버그
칼스버그
칼스버그
칼스버그
칼스버그
칼스버그
칼스버그
칼스버그
칼스버그
칼스버그
칼스버그
칼스버그
칼스버그
칼스버그
칼스버그
칼스버그
칼스버그
칼스버그
칼스버그
칼스버그
칼스버그
칼스버그
칼스버그
칼스버그
칼스버그
칼스버그
칼스버그
칼스버그
칼스버그
칼스버그
칼스버그
칼스버그
칼스버그
칼스버그
칼스버그
칼스버그
칼스버그
칼스버그
칼스버그
칼스버그
칼스버그
칼스버그
칼스버그
칼스버그
칼스버그
칼스버그
칼스버그
칼스버그
칼스버그
칼스버그
칼스버그
칼스버그
칼스버그
칼스버그
칼스버그
칼스버그
칼스버그
칼스버그
칼스버그
칼스버그
칼스버그
칼스버그
칼스버그
칼스버그
칼스버그
칼스버그
칼스버그
칼스버그
칼스버그
칼스버그
칼스버그
칼스버그
칼스버그
칼스버그
칼스버그
칼스버그
칼스버그
칼스버그
칼스버그
칼스버그
칼스버그
칼스버그
칼스버그
칼스버그
칼스버그
칼스버그
칼스버그
칼스버그
칼스버그
칼스버그
칼스버그
칼스버그
칼스버그
칼스버그
칼스버그
칼스버그
칼스버그
칼스버그
칼스버그
칼스버그
칼스버그
칼스버그
칼스버그
칼스버그
칼스버그
칼스버그
칼스버그
칼스버그
칼스버그
칼스버그
칼스버그
칼스버그
칼스버그
칼스버그
칼스버그
칼스버그
칼스버그
칼스버그
칼스버그
칼스버그
칼스버그
칼스버그
칼스버그
칼스버그
칼스버그
칼스버그
칼스버그
칼스버그
칼스버그
칼스버그
칼스버그
칼스버그
칼스버그
칼스버그
칼스버그
칼스버그
칼스버그
칼스버그
칼스버그
칼스버그
칼스버그
칼스버그
칼스버그
칼스버그
칼스버그
칼스버그
칼스버그
칼스버그
칼스버그
칼스버그
칼스버그
칼스버그
칼스버그
칼스버그
칼스버그
칼스버그
칼스버그
칼스버그
칼스버그
칼스버그
칼스버그
칼스버그
칼스버그
칼스버그
칼스버그
칼스버그
칼스버그
칼스버그
칼스버그
칼스버그
칼스버그
칼스버그
칼스버그
칼스버그
칼스버그
칼스버그
칼스버그
칼스버그
칼스버그
칼스버그
칼스버그
칼스버그
칼스버그
칼스버그
칼스버그
칼스버그
칼스버그
칼스버그
칼스버그
칼스버그
칼스버그
칼스버그
칼스버그
칼스버그
칼스버그
칼스버그
칼스버그
칼스버그
칼스버그
칼스버그
칼스버그
칼스버그
칼스버그
칼스버그
칼스버그
칼스버그
칼스버그
칼스버그
칼스버그
칼스버그
칼스버그
칼스버그
칼스버그
칼스버그
칼스버그
칼스버그
칼스버그
칼스버그
칼스버그
칼스버그
칼스버그
칼스버그
칼스버그
칼스버그
칼스버그
칼스버그
칼스버그
칼스버그
칼스버그
칼스버그
칼스버그
칼스버그
칼스버그
칼스버그
칼스버그
칼스버그
칼스버그
칼스버그
칼스버그
칼스버그
칼스버그
칼스버그
칼스버그
칼스버그
칼스버그
칼스버그
칼스버그
칼스버그
칼스버그
칼스버그
칼스버그
칼스버그
칼스버그
칼스버그
칼스버그
칼스버그
칼스버그
칼스버그
칼스버그
칼스버그
칼스버그
칼스버그
칼스버그
칼스버그
칼스버그
칼스버그
칼스버그
칼스버그
칼스버그
칼스버그
칼스버그
칼스버그
칼스버그
칼스버그
칼스버그
칼스버그
칼스버그
칼스버그
칼스버그
칼스버그
칼스버그
칼스버그
칼스버그
칼스버그
칼스버그
칼스버그
칼스버그
칼스버그
칼스버그
칼스버그
칼스버그
칼스버그
칼스버그
칼스버그
칼스버그
칼스버그
칼스버그
칼스버그
칼스버그
칼스버그
칼스버그
칼스버그
칼스버그
칼스버그
칼스버그
칼스버그
칼스버그
칼스버그
칼스버그
칼스버그
칼스버그
칼스버그
칼스버그
칼스버그
칼스버그
칼스버그
칼스버그
칼스버그
칼스버그
칼스버그
칼스버그
칼스버그
칼스버그
칼스버그
칼스버그
칼스버그
칼스버그
칼스버그
칼스버그
칼스버그
칼스버그
칼스버그
칼스버그
칼스버그
칼스버그
칼스버그
칼스버그
칼스버그
칼스버그
칼스버그
칼스버그
칼스버그
칼스버그
칼스버그
칼스버그
칼스버그
칼스버그
칼스버그
칼스버그
칼스버그
칼스버그
칼스버그
칼스버그
칼스버그
칼스버그
칼스버그
칼스버그
칼스버그
칼스버그
칼스버그
칼스버그
칼스버그
칼스버그
칼스버그
칼스버그
칼스버그
칼스버그
칼스버그
칼스버그
칼스버그
칼스버그
칼스버그
칼스버그
칼스버그
칼스버그
칼스버그
칼스버그
칼스버그
칼스버그
칼스버그
칼스버그
칼스버그
칼스버그
칼스버그
칼스버그
칼스버그
칼스버그
칼스버그
칼스버그
칼스버그
칼스버그
칼스버그
칼스버그
칼스버그
칼스버그
칼스버그
칼스버그
코로나
코로나
코로나
코로나
코로나
코로나
코로나
코로나
코로나
코로나
코로나
코로나
코로나
코로나
코로나
코로나
코로나
코로나
코로나
코로나
코로나
코로나
코로나
코로나
코로나
코로나
코로나
코로나
코로나
코로나
코로나
코로나
코로나
코로나
코로나
코로나
코로나
코로나
코로나
코로나
코로나
코로나
코로나
코로나
코로나
코로나
코로나
코로나
코로나
코로나
코로나
코로나
코로나
코로나
코로나
코로나
코로나
코로나
코로나
코로나
코로나
코로나
코로나
코로나
코로나
코로나
코로나
코로나
코로나
코로나
코로나
코로나
코로나
코로나
코로나
코로나
코로나
코로나
코로나
코로나
코로나
코로나
코로나
코로나
코로나
코로나
코로나
코로나
코로나
코로나
코로나
코로나
코로나
코로나
코로나
코로나
코로나
코로나
코로나
코로나
코로나
코로나
코로나
코로나
코로나
코로나
코로나
코로나
코로나
코로나
코로나
코로나
코로나
코로나
코로나
코로나
코로나
코로나
코로나
코로나
코로나
코로나
코로나
코로나
코로나
코로나
코로나
코로나
코로나
코로나
코로나
코로나
코로나
코로나
코로나
코로나
코로나
코로나
코로나
코로나
코로나
코로나
코로나
코로나
코로나
코로나
코로나
코로나
코로나
코로나
코로나
코로나
코로나
코로나
코로나
코로나
코로나
코로나
코로나
코로나
코로나
코로나
코로나
코로나
코로나
코로나
코로나
코로나
코로나
코로나
코로나
코로나
코로나
코로나
코로나
코로나
코로나
코로나
코로나
코로나
코로나
코로나
코로나
코로나
코로나
코로나
코로나
코로나
코로나
코로나
코로나
코로나
코로나
코로나
코로나
코로나
코로나
코로나
코로나
코로나
코로나
코로나
코로나
코로나
코로나
코로나
코로나
코로나
코로나
코로나
코로나
코로나
코로나
코로나
코로나
코로나
코로나
코로나
코로나
코로나
코로나
코로나
코로나
코로나
코로나
코로나
코로나
코로나
코로나
코로나
코로나
코로나
코로나
코로나
코로나
코로나
코로나
코로나
코로나
코로나
코로나
코로나
코로나
코로나
코로나
코로나
코로나
코로나
코로나
코로나
코로나
코로나
코로나
코로나
코로나
코로나
코로나
코로나
코로나
코로나
코로나
코로나
코로나
코로나
코로나
코로나
코로나
코로나
코로나
코로나
코로나
코로나
코로나
코로나
코로나
코로나
코로나
코로나
코로나
코로나
코로나
코로나
코로나
코로나
코로나
코로나
코로나
코로나
코로나
코로나
코로나
코로나
코로나
코로나
코로나
코로나
코로나
코로나
코로나
코로나
코로나
코로나
코로나
코로나
코로나
코로나
코로나
코로나
코로나
코로나
코로나
코로나
코로나
코로나
코로나
코로나
코로나
코로나
코로나
코로나
코로나
코로나
코로나
코로나
코로나
코로나
코로나
코로나
코로나
코로나
코로나
코로나
코로나
코로나
코로나
코로나
코로나
코로나
코로나
코로나
코로나
코로나
코로나
코로나
코로나
코로나
코로나
코로나
코로나
코로나
코로나
코로나
코로나
코로나
코로나
코로나
코로나
코로나
코로나
코로나
코로나
코로나
코로나
코로나
코로나
코로나
코로나
코로나
코로나
코로나
코로나
코로나
코로나
코로나
코로나
코로나
코로나
코로나
코로나
코로나
코로나
코로나
코로나
코로나
코로나
코로나
코로나
코로나
코로나
코로나
코로나
코로나
코로나
코로나
코로나
코로나
코로나
코로나
코로나
코로나
코로나
코로나
코로나
코로나
코로나
코로나
코로나
코로나
코로나
코로나
코로나
코로나
코로나
코로나
코로나
코로나
코로나
코로나
코로나
코로나
코로나
코로나
코로나
코로나
코로나
코로나
코로나
코로나
코로나
코로나
코로나
코로나
코로나
코로나
코로나
코로나
코로나
코로나
코로나
코로나
코로나
코로나
코로나
코로나
코로나
코로나
코로나
코로나
코로나
코로나
코로나
코로나
코로나
코로나
코로나
코로나
코로나
코로나
코로나
코로나
코로나
코로나
코로나
코로나
코로나
코로나
코로나
코로나
코로나
코로나
코로나
코로나
코로나
코로나
코로나
코로나
코로나
코로나
코로나
코로나
코로나
코로나
코로나
코로나
코로나
코로나
코로나
코로나
코로나
코로나
코로나
코로나
코로나
코로나
코로나
코로나
코로나
코로나
코로나
코로나
코로나
코로나
코로나
코로나
코로나
코로나
코로나
코로나
코로나
코로나
코로나
코로나
코로나
코로나
코로나
코로나
코로나
코로나
코로나
코로나
코로나
코로나
코로나
코로나
코로나
코로나
코로나
코로나
코로나
코로나
코로나
코로나
코로나
코로나
코로나
코로나
코로나
코로나
코로나
코로나
코로나
코로나
코로나
코로나
코로나
코로나
코로나
코로나
코로나
코로나
코로나
코로나
코로나
코로나
코로나
코로나
코로나
코로나
코로나
코로나
코로나
코로나
코로나
코로나
코로나
코로나
코로나
코로나
코로나
코로나
코로나
코로나
코로나
코로나
코로나
코로나
코로나
코로나
코로나
코로나
코로나
코로나
코로나
코로나
코로나
코로나
코로나
코로나
코로나
코로나
코로나
코로나
코로나
코로나
코로나
코로나
코로나
코로나
코로나
코로나
코로나
코로나
코로나
코로나
코로나
코로나
코로나
코로나
코로나
코로나
코로나
코로나
코로나
코로나
코로나
코로나
코로나
코로나
코로나
코로나
코로나
코로나
코로나
코로나
코로나
코로나
코로나
코로나
코로나
코로나
코로나
코로나
코로나
코로나
코로나
코로나
코로나
코로나
코로나
코로나
코로나
코로나
코로나
코로나
코로나
코로나
코로나
코로나
코로나
코로나
코로나
코로나
코로나
코로나
코로나
코로나
코로나
코로나
코로나
코로나
코로나
코로나
코로나
코로나
코로나
코로나
코로나
코로나
코로나
코로나
코로나
코로나
코로나
코로나
코로나
코로나
코로나
코로나
코로나
코로나
코로나
코로나
코로나
코로나
코로나
코로나
코로나
코로나
코로나
코로나
코로나
코로나
코로나
코로나
코로나
코로나
코로나
코로나
코로나
코로나
코로나
코로나
코로나
코로나
코로나
코로나
코로나
코로나
코로나
코로나
코로나
코로나
코로나
코로나
코로나
코로나
코로나
코로나
코로나
코로나
코로나
코로나
코로나
코로나
코로나
코로나
코로나
코로나
코로나
코로나
코로나
코로나
코로나
코로나
코로나
코로나
코로나
코로나
코로나
코로나
코로나
코로나
코로나
코로나
코로나
코로나
코로나
코로나
코로나
코로나
코로나
코로나
코로나
코로나
코로나
코로나
코로나
코로나
코로나
코로나
코로나
코로나
코로나
코로나
코로나
코로나
코로나
코로나
코로나
코로나
코로나
코로나
코로나
코로나
코로나
코로나
코로나
코로나
코로나
코로나
코로나
코로나
코로나
코로나
코로나
코로나
코로나
코로나
코로나
코로나
코로나
코로나
코로나
코로나
코로나
코로나
코로나
코로나
코로나
코로나
코로나
코로나
코로나
코로나
코로나
코로나
코로나
코로나
코로나
코로나
코로나
코로나
코로나
코로나
코로나
코로나
코로나
코로나
코로나
코로나
코로나
코로나
코로나
코로나
코로나
코로나
코로나
코로나
코로나
코로나
코로나
코로나
코로나
코로나
코로나
코로나
코로나
코로나
코로나
코로나
코로나
코로나
코로나
코로나
코로나
코로나
코로나
코로나
코로나
코로나
코로나
코로나
코로나
코로나
코로나
코로나
코로나
코로나
코로나
코로나
코로나
코로나
코로나
코로나
코로나
코로나
코로나
코로나
코로나
코로나
코로나
코로나
코로나
코로나
코로나
코로나
코로나
코로나
코로나
코로나
코로나
코로나
코로나
코로나
코로나
코로나
코로나
코로나
코로나
코로나
코로나
코로나
코로나
코로나
코로나
코로나
코로나
코로나
코로나
코로나
코로나
코로나
코로나
코로나
코로나
코로나
코로나
코로나
코로나
코로나
코로나
코로나
코로나
코로나
코로나
코로나
코로나
코로나
코로나
코로나
코로나
코로나
코로나
코로나
코로나
코로나
코로나
코로나
코로나
코로나
코로나
코로나
코로나
코로나
코로나
코로나
코로나
코로나
코로나
코로나
코로나
코로나
코로나
코로나
코로나
코로나
코로나
코로나
코로나
코로나
코로나
코로나
코로나
코로나
코로나
코로나
코로나
코로나
코로나
코로나
코로나
코로나
코로나
코로나
코로나
코로나
코로나
코로나
코로나
코로나
코로나
코로나
코로나
코로나
코로나
코로나
코로나
코로나
코로나
코로나
코로나
코로나
코로나
코로나
코로나
코로나
코로나
코로나
코로나
코로나
코로나
코로나
코로나
코로나
코로나
코로나
코로나
코로나
코로나
코로나
코로나
코로나
코로나
코로나
코로나
코로나
코로나
코로나
코로나
코로나
코로나
코로나
코로나
코로나
코로나
코로나
코로나
코로나
코로나
코로나
코로나
코로나
코로나
코로나
코로나
코로나
코로나
코로나
코로나
코로나
코로나
코로나
코로나
코로나
코로나
코로나
코로나
코로나
코로나
코로나
코로나
코로나
코로나
코로나
코로나
코로나
코로나
코로나
코로나
코로나
코로나
코로나
코로나
코로나
코로나
코로나
코로나
코로나
코로나
코로나
코로나
코로나
코로나
코로나
코로나
코로나
코로나
코로나
코로나
코로나
코로나
코로나
코로나
코로나
코로나
코로나
코로나
코로나
코로나
코로나
코로나
코로나
코로나
코로나
코로나
코로나
코로나
코로나
코로나
코로나
코로나
코로나
코로나
코로나
코로나
코로나
코로나
코로나
코로나
코로나
코로나
코로나
코로나
코로나
코로나
코로나
코로나
코로나
코로나
코로나
코로나
코로나
코로나
코로나
코로나
코로나
코로나
코로나
코로나
코로나
코로나
코로나
코로나
코로나
코로나
코로나
코로나
코로나
코로나
코로나
코로나
코로나
코로나
코로나
코로나
코로나
코로나
코로나
코로나
코로나
코로나
코로나
코로나
코로나
코로나
코로나
코로나
코로나
코로나
코로나
코로나
코로나
코로나
코로나
코로나
코로나
코로나
코로나
코로나
코로나
코로나
코로나
코로나
코로나
코로나
코로나
코로나
코로나
코로나
코로나
코로나
코로나
코로나
코로나
코로나
코로나
코로나
코로나
코로나
코로나
코로나
코로나
코로나
코로나
코로나
코로나
코로나
코로나
코로나
코로나
코로나
코로나
코로나
코로나
코로나
코로나
코로나
코로나
코로나
코로나
코로나
코로나
코로나
코로나
코로나
코로나
코로나
코로나
코로나
코로나
코로나
코로나
코로나
코로나
코로나
코로나
코로나
코로나
코로나
코로나
코로나
코로나
코로나
코로나
코로나
코로나
코로나
코로나
코로나
코로나
코로나
코로나
코로나
코로나
코로나
코로나
코로나
코로나
코로나
코로나
코로나
코로나
코로나
코로나
코로나
코로나
코로나
코로나
코로나
코로나
코로나
코로나
코로나
코로나
코로나
코로나
코로나
코로나
코로나
코로나
코로나
코로나
코로나
코로나
코로나
코로나
코로나
코로나
코로나
코로나
코로나
코로나
코로나
코로나
코로나
코로나
코로나
코로나
코로나
코로나
코로나
코로나
코로나
코로나
코로나
코로나
코로나
코로나
코로나
코로나
코로나
코로나
코로나
코로나
코로나
코로나
코로나
코로나
코로나
코로나
코로나
코로나
코로나
코로나
코로나
코로나
코로나
코로나
코로나
코로나
코로나
코로나
코로나
코로나
코로나
코로나
코로나
코로나
코로나
코로나
코로나
코로나
코로나
코로나
코로나
코로나
코로나
코로나
코로나
코로나
코로나
코로나
코로나
코로나
코로나
코로나
코로나
코로나
코로나
코로나
코로나
코로나
코로나
코로나
코로나
코로나
코로나
코로나
코로나
코로나
코로나
코로나
코로나
코로나
코로나
코로나
코로나
코로나
코로나
코로나
코로나
코로나
코로나
코로나
코로나
코로나
코로나
코로나
코로나
코로나
코로나
코로나
코로나
코로나
코로나
코로나
코로나
코로나
코로나
코로나
코로나
코로나
코로나
코로나
코로나
코로나
코로나
코로나
코로나
코로나
코로나
코로나
코로나
코로나
코로나
코로나
코로나
코로나
코로나
코로나
코로나
코로나
코로나
코로나
코로나
코로나
코로나
코로나
코로나
코로나
코로나
코로나
코로나
코로나
코로나
코로나
코로나
코로나
코로나
코로나
코로나
코로나
코로나
코로나
코로나
코로나
코로나
코로나
코로나
코로나
코로나
코로나
코로나
코로나
코로나
코로나
코로나
코로나
코로나
코로나
코로나
코로나
코로나
코로나
코로나
코로나
코로나
코로나
코로나
코로나
코로나
코로나
코로나
코로나
코로나
코로나
코로나
코로나
코로나
코로나
코로나
코로나
코로나
코로나
코로나
코로나
코로나
코로나
코로나
코로나
코로나
코로나
코로나
코로나
코로나
코로나
코로나
코로나
코로나
코로나
코로나
코로나
코로나
코로나
코로나
코로나
코로나
코로나
코로나
코로나
코로나
코로나
코로나
코로나
코로나
코로나
코로나
코로나
코로나
코로나
코로나
코로나
코로나
코로나
코로나
코로나
코로나
코로나
코로나
코로나
코로나
코로나
코로나
코로나
코로나
코로나
코로나
코로나
코로나
코로나
코로나
코로나
코로나
코로나
코로나
코로나
코로나
코로나
코로나
코로나
코로나
코로나
코로나
코로나
코로나
코로나
코로나
코로나
코로나
코로나
코로나
코로나
코로나
코로나
코로나
코로나
코로나
코로나
코로나
코로나
코로나
코로나
코로나
코로나
코로나
코로나
코로나
코로나
코로나
코로나
코로나
코로나
코로나
코로나
코로나
코로나
코로나
코로나
코로나
코로나
코로나
코로나
코로나
코로나
코로나
코로나
코로나
코로나
코로나
코로나
코로나
코로나
코로나
코로나
코로나
코로나
코로나
코로나
코로나
코로나
코로나
코로나
코로나
코로나
코로나
코로나
코로나
코로나
코로나
코로나
코로나
코로나
코로나
코로나
코로나
코로나
코로나
코로나
코로나
코로나
코로나
코로나
코로나
코로나
코로나
코로나
코로나
코로나
코로나
코로나
코로나
코로나
코로나
코로나
코로나
코로나
코로나
코로나
코로나
코로나
코로나
코로나
코로나
코로나
코로나
코로나
코로나
코로나
코로나
코로나
코로나
코로나
코로나
코로나
코로나
코로나
코로나
코로나
코로나
코로나
코로나
코로나
코로나
코로나
코로나
코로나
코로나
코로나
코로나
코로나
코로나
코로나
코로나
코로나
코로나
코로나
코로나
코로나
코로나
코로나
코로나
코로나
코로나
코로나
코로나
코로나
코로나
코로나
코로나
코로나
코로나
코로나
코로나
코로나
코로나
코로나
코로나
코로나
코로나
코로나
코로나
코로나
코로나
코로나
코로나
코로나
코로나
코로나
코로나
코로나
코로나
코로나
코로나
코로나
코로나
코로나
코로나
코로나
코로나
코로나
코로나
코로나
코로나
코로나
코로나
코로나
코로나
코로나
코로나
코로나
코로나
코로나
코로나
코로나
코로나
코로나
코로나
코로나
코로나
코로나
코로나
코로나
코로나
코로나
코로나
코로나
코로나
코로나
코로나
코로나
코로나
코로나
코로나
코로나
코로나
코로나
코로나
코로나
코로나
코로나
코로나
코로나
코로나
코로나
코로나
코로나
코로나
코로나
코로나
코로나
코로나
코로나
코로나
코로나
코로나
코로나
코로나
코로나
코로나
코로나
코로나
코로나
코로나
코로나
코로나
코로나
코로나
코로나
코로나
코로나
코로나
코로나
코로나
코로나
코로나
코로나
코로나
코로나
코로나
코로나
코로나
코로나
코로나
코로나
코로나
코로나
코로나
코로나
코로나
코로나
코로나
코로나
코로나
코로나
코로나
코로나
코로나
코로나
코로나
코로나
코로나
코로나
코로나
코로나
코로나
코로나
코로나
코로나
코로나
코로나
코로나
코로나
코로나
코로나
코로나
코로나
코로나
코로나
코로나
코로나
코로나
코로나
코로나
코로나
코로나
코로나
코로나
코로나
코로나
코로나
코로나
코로나
코로나
코로나
코로나
코로나
코로나
코로나
코로나
코로나
코로나
코로나
코로나
코로나
코로나
코로나
코로나
코로나
코로나
코로나
코로나
코로나
코로나
코로나
코로나
코로나
코로나
코로나
코로나
코로나
코로나
코로나
코로나
코로나
코로나
코로나
코로나
코로나
코로나
코로나
코로나
코로나
코로나
코로나
코로나
코로나
코로나
코로나
코로나
코로나
코로나
코로나
코로나
코로나
코로나
코로나
코로나
코로나
코로나
코로나
코로나
코로나
코로나
코로나
코로나
코로나
코로나
코로나
코로나
코로나
코로나
코로나
코로나
코로나
코로나
코로나
코로나
코로나
코로나
코로나
코로나
코로나
코로나
코로나
코로나
코로나
코로나
코로나
코로나
코로나
코로나
코로나
코로나
코로나
코로나
코로나
코로나
코로나
코로나
코로나
코로나
코로나
코로나
코로나
코로나
코로나
코로나
코로나
코로나
코로나
코로나
코로나
코로나
코로나
코로나
코로나
코로나
코로나
코로나
코로나
코로나
코로나
코로나
코로나
코로나
코로나
코로나
코로나
코로나
코로나
코로나
코로나
코로나
코로나
코로나
코로나
코로나
코로나
코로나
코로나
코로나
코로나
코로나
코로나
코로나
코로나
코로나
코로나
코로나
코로나
코로나
코로나
코로나
코로나
코로나
코로나
코로나
코로나
코로나
코로나
코로나
코로나
코로나
코로나
코로나
코로나
코로나
코로나
코로나
코로나
코로나
코로나
코로나
코로나
코로나
코로나
코로나
코로나
코로나
코로나
코로나
코로나
코로나
코로나
코로나
코로나
코로나
코로나
코로나
코로나
코로나
코로나
코로나
코로나
코로나
코로나
코로나
코로나
코로나
코로나
코로나
코로나
코로나
코로나
코로나
코로나
코로나
코로나
코로나
코로나
코로나
코로나
코로나
코로나
코로나
코로나
코로나
코로나
코로나
코로나
코로나
코로나
코로나
코로나
코로나
코로나
코로나
코로나
코로나
코로나
코로나
코로나
코로나
코로나
코로나
코로나
코로나
코로나
코로나
코로나
코로나
코로나
코로나
코로나
코로나
코로나
코로나
코로나
코로나
코로나
코로나
코로나
코로나
코로나
코로나
코로나
코로나
코로나
코로나
코로나
코로나
코로나
코로나
코로나
코로나
코로나
코로나
코로나
코로나
코로나
코로나
코로나
코로나
코로나
코로나
코로나
코로나
코로나
코로나
코로나
코로나
코로나
코로나
코로나
코로나
코로나
코로나
코로나
코로나
코로나
코로나
코로나
코로나
코로나
코로나
코로나
코로나
코로나
코로나
코로나
코로나
코로나
코로나
코로나
코로나
코로나
코로나
코로나
코로나
코로나
코로나
코로나
코로나
코로나
코로나
코로나
코로나
코로나
코로나
코로나
코로나
코로나
코로나
코로나
코로나
코로나
코로나
코로나
코로나
코로나
코로나
코로나
코로나
코로나
코로나
코로나
코로나
코로나
코로나
코로나
코로나
코로나
코로나
코로나
코로나
코로나
코로나
코로나
코로나
코로나
코로나
코로나
코로나
코로나
코로나
코로나
코로나
코로나
코로나
코로나
코로나
코로나
코로나
코로나
코로나
코로나
코로나
코로나
코로나
코로나
코로나
코로나
코로나
코로나
코로나
코로나
코로나
코로나
코로나
코로나
코로나
코로나
코로나
코로나
코로나
코로나
코로나
코로나
코로나
코로나
코로나
코로나
코로나
코로나
코로나
코로나
코로나
코로나
코로나
코로나
코로나
코로나
코로나
코로나
코로나
코로나
코로나
코로나
코로나
코로나
코로나
코로나
코로나
코로나
코로나
코로나
코로나
코로나
코로나
코로나
코로나
코로나
코로나
코로나
코로나
코로나
코로나
코로나
코로나
코로나
코로나
코로나
코로나
코로나
코로나
코로나
코로나
코로나
코로나
코로나
코로나
코로나
코로나
코로나
코로나
코로나
코로나
코로나
코로나
코로나
코로나
코로나
코로나
코로나
코로나
코로나
코로나
코로나
코로나
코로나
코로나
코로나
코로나
코로나
코로나
코로나
코로나
코로나
코로나
코로나
코로나
코로나
코로나
코로나
코로나
코로나
코로나
코로나
코로나
코로나
코로나
코로나
코로나
코로나
코로나
코로나
코로나
코로나
코로나
코로나
코로나
코로나
코로나
코로나
코로나
코로나
코로나
코로나
코로나
코로나
코로나
코로나
코로나
코로나
코로나
코로나
코로나
코로나
코로나
코로나
코로나
코로나
코로나
코로나
코로나
코로나
코로나
코로나
코로나
코로나
코로나
코로나
코로나
코로나
코로나
코로나
코로나
코로나
코로나
코로나
코로나
코로나
코로나
코로나
코로나
코로나
코로나
코로나
코로나
코로나
코로나
코로나
코로나
코로나
코로나
코로나
코로나
코로나
코로나
코로나
코로나
코로나
코로나
코로나
코로나
코로나
코로나
코로나
코로나
코로나
코로나
코로나
코로나
코로나
코로나
코로나
코로나
코로나
코로나
코로나
코로나
코로나
코로나
코로나
코로나
코로나
코로나
코로나
코로나
코로나
코로나
코로나
코로나
코로나
코로나
코로나
코로나
코로나
코로나
코로나
코로나
코로나
코로나
코로나
코로나
코로나
코로나
코로나
코로나
코로나
코로나
코로나
코로나
코로나
코로나
코로나
코로나
코로나
코로나
코로나
코로나
코로나
코로나
코로나
코로나
코로나
코로나
코로나
코로나
코로나
코로나
코로나
코로나
코로나
코로나
코로나
코로나
코로나
코로나
코로나
코로나
코로나
코로나
코로나
코로나
코로나
코로나
코로나
코로나
코로나
코로나
코로나
코로나
코로나
코로나
코로나
코로나
코로나
코로나
코로나
코로나
코로나
코로나
코로나
코로나
코로나
코로나
코로나
코로나
코로나
코로나
코로나
코로나
코로나
코로나
코로나
코로나
코로나
코로나
코로나
코로나
코로나
코로나
코로나
코로나
코로나
코로나
코로나
코로나
코로나
코로나
코로나
코로나
코로나
코로나
코로나
코로나
코로나
코로나
코로나
코로나
코로나
코로나
코로나
코로나
코로나
코로나
코로나
코로나
코로나
코로나
코로나
코로나
코로나
코로나
코로나
코로나
코로나
코로나
코로나
코로나
코로나
코로나
코로나
코로나
코로나
코로나
코로나
코로나
코로나
코로나
코로나
코로나
코로나
코로나
코로나
코로나
코로나
코로나
코로나
코로나
코로나
코로나
코로나
코로나
코로나
코로나
코로나
코로나
코로나
코로나
코로나
코로나
코로나
코로나
코로나
코로나
코로나
코로나
코로나
코로나
코로나
코로나
코로나
코로나
코로나
코로나
코로나
코로나
코로나
코로나
코로나
코로나
코로나
코로나
코로나
코로나
코로나
코로나
코로나
코로나
코로나
코로나
코로나
코로나
코로나
코로나
코로나
코로나
코로나
코로나
코로나
코로나
코로나
코로나
코로나
코로나
코로나
코로나
코로나
코로나
코로나
코로나
코로나
코로나
코로나
코로나
코로나
코로나
코로나
코로나
코로나
코로나
코로나
코로나
코로나
코로나
코로나
코로나
코로나
코로나
코로나
코로나
코로나
코로나
코로나
코로나
코로나
코로나
코로나
코로나
코로나
코로나
코로나
코로나
코로나
코로나
코로나
코로나
코로나
코로나
코로나
코로나
코로나
코로나
코로나
코로나
코로나
코로나
코로나
코로나
코로나
코로나
코로나
코로나
코로나
코로나
코로나
코로나
코로나
코로나
코로나
코로나
코로나
코로나
코로나
코로나
코로나
코로나
코로나
코로나
코로나
코로나
코로나
코로나
코로나
코로나
코로나
코로나
코로나
코로나
코로나
코로나
코로나
코로나
코로나
코로나
코로나
코로나
코로나
코로나
코로나
코로나
코로나
코로나
코로나
코로나
코로나
코로나
코로나
코로나
코로나
코로나
코로나
코로나
코로나
코로나
코로나
코로나
코로나
코로나
코로나
코로나
코로나
코로나
코로나
코로나
코로나
코로나
코로나
코로나
코로나
코로나
코로나
코로나
코로나
코로나
코로나
코로나
코로나
코로나
코로나
코로나
코로나
코로나
코로나
코로나
코로나
코로나
코로나
코로나
코로나
코로나
코로나
코로나
코로나
코로나
코로나
코로나
코로나
코로나
코로나
코로나
코로나
코로나
코로나
코로나
코로나
코로나
코로나
코로나
코로나
코로나
코로나
코로나
코로나
코로나
코로나
코로나
코로나
코로나
코로나
코로나
코로나
코로나
코로나
코로나
코로나
코로나
코로나
코로나
코로나
코로나
코로나
코로나
코로나
코로나
코로나
코로나
코로나
코로나
코로나
코로나
코로나
코로나
코로나
코로나
코로나
코로나
코로나
코로나
코로나
코로나
코로나
코로나
코로나
코로나
코로나
코로나
코로나
코로나
코로나
코로나
코로나
코로나
코로나
코로나
코로나
코로나
코로나
코로나
코로나
코로나
코로나
코로나
코로나
코로나
코로나
코로나
코로나
코로나
코로나
코로나
코로나
코로나
코로나
코로나
코로나
코로나
코로나
코로나
코로나
코로나
코로나
코로나
코로나
코로나
코로나
코로나
코로나
코로나
코로나
코로나
코로나
코로나
코로나
코로나
코로나
코로나
코로나
코로나
코로나
코로나
코로나
코로나
코로나
코로나
코로나
코로나
코로나
코로나
코로나
코로나
코로나
코로나
코로나
코로나
코로나
코로나
코로나
코로나
코로나
코로나
코로나
코로나
코로나
코로나
코로나
코로나
코로나
코로나
코로나
코로나
코로나
코로나
코로나
코로나
코로나
코로나
코로나
코로나
코로나
코로나
코로나
코로나
코로나
코로나
코로나
코로나
코로나
코로나
코로나
코로나
코로나
코로나
코로나
코로나
코로나
코로나
코로나
코로나
코로나
코로나
코로나
코로나
코로나
코로나
코로나
코로나
코로나
코로나
코로나
코로나
코로나
코로나
코로나
코로나
코로나
코로나
코로나
코로나
코로나
코로나
코로나
코로나
코로나
코로나
코로나
코로나
코로나
코로나
코로나
코로나
코로나
코로나
코로나
코로나
코로나
코로나
코로나
코로나
코로나
코로나
코로나
코로나
코로나
코로나
코로나
코로나
코로나
코로나
코로나
코로나
코로나
코로나
코로나
코로나
코로나
코로나
코로나
코로나
코로나
코로나
코로나
코로나
코로나
코로나
코로나
코로나
코로나
코로나
코로나
코로나
코로나
코로나
코로나
코로나
코로나
코로나
코로나
코로나
코로나
코로나
코로나
코로나
코로나
코로나
코로나
코로나
코로나
코로나
코로나
코로나
코로나
코로나
코로나
코로나
코로나
코로나
코로나
코로나
코로나
코로나
코로나
코로나
코로나
코로나
코로나
코로나
코로나
코로나
코로나
코로나
코로나
코로나
코로나
코로나
코로나
코로나
코로나
코로나
코로나
코로나
코로나
코로나
코로나
코로나
코로나
코로나
코로나
코로나
코로나
코로나
코로나
코로나
코로나
코로나
코로나
코로나
코로나
코로나
코로나
코로나
코로나
코로나
코로나
코로나
코로나
코로나
코로나
코로나
코로나
코로나
코로나
코로나
코로나
코로나
코로나
코로나
코로나
코로나
코로나
코로나
코로나
코로나
코로나
코로나
코로나
코로나
코로나
코로나
코로나
코로나
코로나
코로나
코로나
코로나
코로나
코로나
코로나
코로나
코로나
코로나
코로나
코로나
코로나
코로나
코로나
코로나
코로나
코로나
코로나
코로나
코로나
코로나
코로나
코로나
코로나
코로나
코로나
코로나
코로나
코로나
코로나
코로나
코로나
코로나
코로나
코로나
코로나
코로나
코로나
코로나
코로나
코로나
코로나
코로나
코로나
코로나
코로나
코로나
코로나
코로나
코로나
코로나
코로나
코로나
코로나
코로나
코로나
코로나
코로나
코로나
코로나
코로나
코로나
코로나
코로나
코로나
코로나
코로나
코로나
코로나
코로나
코로나
코로나
코로나
코로나
코로나
코로나
코로나
코로나
코로나
코로나
코로나
코로나
코로나
코로나
코로나
코로나
코로나
코로나
코로나
코로나
코로나
코로나
코로나
코로나
코로나
코로나
코로나
코로나
코로나
코로나
코로나
코로나
코로나
코로나
코로나
코로나
코로나
코로나
코로나
코로나
코로나
코로나
코로나
코로나
코로나
코로나
코로나
코로나
코로나
코로나
코로나
코로나
코로나
코로나
코로나
코로나
코로나
코로나
코로나
코로나
코로나
코로나
코로나
코로나
코로나
코로나
코로나
코로나
코로나
코로나
코로나
코로나
코로나
코로나
코로나
코로나
코로나
코로나
코로나
코로나
코로나
코로나
코로나
코로나
코로나
코로나
코로나
코로나
코로나
코로나
코로나
코로나
코로나
코로나
코로나
코로나
코로나
코로나
코로나
코로나
코로나
코로나
코로나
코로나
코로나
코로나
코로나
코로나
코로나
코로나
코로나
코로나
코로나
코로나
코로나
코로나
코로나
코로나
코로나
코로나
코로나
코로나
코로나
코로나
코로나
코로나
코로나
코로나
코로나
코로나
코로나
코로나
코로나
코로나
코로나
코로나
코로나
코로나
코로나
코로나
코로나
코로나
코로나
코로나
코로나
코로나
코로나
코로나
코로나
코로나
코로나
코로나
코로나
코로나
코로나
코로나
코로나
코로나
코로나
코로나
코로나
코로나
코로나
코로나
코로나
코로나
코로나
코로나
코로나
코로나
코로나
코로나
코로나
코로나
코로나
코로나
코로나
코로나
코로나
코로나
코로나
코로나
코로나
코로나
코로나
코로나
코로나
코로나
코로나
코로나
코로나
코로나
코로나
코로나
코로나
코로나
코로나
코로나
코로나
코로나
코로나
코로나
코로나
코로나
코로나
코로나
코로나
코로나
코로나
코로나
코로나
코로나
코로나
코로나
코로나
코로나
코로나
코로나
코로나
코로나
코로나
코로나
코로나
코로나
코로나
코로나
코로나
코로나
코로나
코로나
코로나
코로나
코로나
코로나
코로나
코로나
코로나
코로나
코로나
코로나
코로나
코로나
코로나
코로나
코로나
코로나
코로나
코로나
코로나
코로나
코로나
코로나
코로나
코로나
코로나
코로나
코로나
코로나
코로나
코로나
코로나
코로나
코로나
코로나
코로나
코로나
코로나
코로나
코로나
코로나
코로나
코로나
코로나
코로나
코로나
코로나
코로나
코로나
코로나
코로나
코로나
코로나
코로나
코로나
코로나
코로나
코로나
코로나
코로나
코로나
코로나
코로나
코로나
코로나
코로나
코로나
코로나
코로나
코로나
코로나
코로나
코로나
코로나
코로나
코로나
코로나
코로나
코로나
코로나
코로나
코로나
코로나
코로나
코로나
코로나
코로나
코로나
코로나
코로나
코로나
코로나
코로나
코로나
코로나
코로나
코로나
코로나
코로나
코로나
코로나
코로나
코로나
코로나
코로나
코로나
코로나
코로나
코로나
코로나
코로나
코로나
코로나
코로나
코로나
코로나
코로나
코로나
코로나
코로나
코로나
코로나
코로나
코로나
코로나
코로나
코로나
코로나
코로나
코로나
코로나
코로나
코로나
코로나
코로나
코로나
코로나
코로나
코로나
코로나
코로나
코로나
코로나
코로나
코로나
코로나
코로나
코젤
코젤
코젤
코젤
코젤
코젤
코젤
코젤
코젤
코젤
코젤
코젤
코젤
코젤
코젤
코젤
코젤
코젤
코젤
코젤
코젤
코젤
코젤
코젤
코젤
코젤
코젤
코젤
코젤
코젤
코젤
코젤
코젤
코젤
코젤
코젤
코젤
코젤
코젤
코젤
코젤
코젤
코젤
코젤
코젤
코젤
코젤
코젤
코젤
코젤
코젤
코젤
코젤
코젤
코젤
코젤
코젤
코젤
코젤
코젤
코젤
코젤
코젤
코젤
코젤
코젤
코젤
코젤
코젤
코젤
코젤
코젤
코젤
코젤
코젤
코젤
코젤
코젤
코젤
코젤
코젤
코젤
코젤
코젤
코젤
코젤
코젤
코젤
코젤
코젤
코젤
코젤
코젤
코젤
코젤
코젤
코젤
코젤
코젤
코젤
코젤
코젤
코젤
코젤
코젤
코젤
코젤
코젤
코젤
코젤
코젤
코젤
코젤
코젤
코젤
코젤
코젤
코젤
코젤
코젤
코젤
코젤
코젤
코젤
코젤
코젤
코젤
코젤
코젤
코젤
코젤
코젤
코젤
코젤
코젤
코젤
코젤
코젤
코젤
코젤
코젤
코젤
코젤
코젤
코젤
코젤
코젤
코젤
코젤
코젤
코젤
코젤
코젤
코젤
코젤
코젤
코젤
코젤
코젤
코젤
코젤
코젤
코젤
코젤
코젤
코젤
코젤
코젤
코젤
코젤
코젤
코젤
코젤
코젤
코젤
코젤
코젤
코젤
코젤
코젤
코젤
코젤
코젤
코젤
코젤
코젤
코젤
코젤
코젤
코젤
코젤
코젤
코젤
코젤
코젤
코젤
코젤
코젤
코젤
코젤
코젤
코젤
코젤
코젤
코젤
코젤
코젤
코젤
코젤
코젤
코젤
코젤
코젤
코젤
코젤
코젤
코젤
코젤
코젤
코젤
코젤
코젤
코젤
코젤
코젤
코젤
코젤
코젤
코젤
코젤
코젤
코젤
코젤
코젤
코젤
코젤
코젤
코젤
코젤
코젤
코젤
코젤
코젤
코젤
코젤
코젤
코젤
코젤
코젤
코젤
코젤
코젤
코젤
코젤
코젤
코젤
코젤
코젤
코젤
코젤
코젤
코젤
코젤
코젤
코젤
코젤
코젤
코젤
코젤
코젤
코젤
코젤
코젤
코젤
코젤
코젤
코젤
코젤
코젤
코젤
코젤
코젤
코젤
코젤
코젤
코젤
코젤
코젤
코젤
코젤
코젤
코젤
코젤
코젤
코젤
코젤
코젤
코젤
코젤
코젤
코젤
코젤
코젤
코젤
코젤
코젤
코젤
코젤
코젤
코젤
코젤
코젤
코젤
코젤
코젤
코젤
코젤
코젤
코젤
코젤
코젤
코젤
코젤
코젤
코젤
코젤
코젤
코젤
코젤
코젤
코젤
코젤
코젤
코젤
코젤
코젤
코젤
코젤
코젤
코젤
코젤
코젤
코젤
코젤
코젤
코젤
코젤
코젤
코젤
코젤
코젤
코젤
코젤
코젤
코젤
코젤
코젤
코젤
코젤
코젤
코젤
코젤
코젤
코젤
코젤
코젤
코젤
코젤
코젤
코젤
코젤
코젤
코젤
코젤
코젤
코젤
코젤
코젤
코젤
코젤
코젤
코젤
코젤
코젤
코젤
코젤
코젤
코젤
코젤
코젤
코젤
코젤
코젤
코젤
코젤
코젤
코젤
코젤
코젤
코젤
코젤
코젤
코젤
코젤
코젤
코젤
코젤
코젤
코젤
코젤
코젤
코젤
코젤
코젤
코젤
코젤
코젤
코젤
코젤
코젤
코젤
코젤
코젤
코젤
코젤
코젤
코젤
코젤
코젤
코젤
코젤
코젤
코젤
코젤
코젤
코젤
코젤
코젤
코젤
코젤
코젤
코젤
코젤
코젤
코젤
코젤
코젤
코젤
코젤
코젤
코젤
코젤
코젤
코젤
코젤
코젤
코젤
코젤
코젤
코젤
코젤
코젤
코젤
코젤
코젤
코젤
코젤
코젤
코젤
코젤
코젤
코젤
코젤
코젤
코젤
코젤
코젤
코젤
코젤
코젤
코젤
코젤
코젤
코젤
코젤
코젤
코젤
코젤
코젤
코젤
코젤
코젤
코젤
코젤
코젤
코젤
코젤
코젤
코젤
코젤
코젤
코젤
코젤
코젤
코젤
코젤
코젤
코젤
코젤
코젤
코젤
코젤
코젤
코젤
코젤
코젤
코젤
코젤
코젤
코젤
코젤
코젤
코젤
코젤
코젤
코젤
코젤
코젤
코젤
코젤
코젤
코젤
코젤
코젤
코젤
코젤
코젤
코젤
코젤
코젤
코젤
코젤
코젤
코젤
코젤
코젤
코젤
코젤
코젤
코젤
코젤
코젤
코젤
코젤
코젤
코젤
코젤
코젤
코젤
코젤
코젤
코젤
코젤
코젤
코젤
코젤
코젤
코젤
코젤
코젤
코젤
코젤
코젤
코젤
코젤
코젤
코젤
코젤
코젤
코젤
코젤
코젤
코젤
코젤
코젤
코젤
코젤
코젤
코젤
코젤
코젤
코젤
코젤
코젤
코젤
코젤
코젤
코젤
코젤
코젤
코젤
코젤
코젤
코젤
코젤
코젤
코젤
코젤
코젤
코젤
코젤
코젤
코젤
코젤
코젤
코젤
코젤
코젤
코젤
코젤
코젤
코젤
코젤
코젤
코젤
코젤
코젤
코젤
코젤
코젤
코젤
코젤
코젤
코젤
코젤
코젤
코젤
코젤
코젤
코젤
코젤
코젤
코젤
코젤
코젤
코젤
코젤
코젤
코젤
코젤
코젤
코젤
코젤
코젤
코젤
코젤
코젤
코젤
코젤
코젤
코젤
코젤
코젤
코젤
코젤
코젤
코젤
코젤
코젤
코젤
코젤
코젤
코젤
코젤
코젤
코젤
코젤
코젤
코젤
코젤
코젤
코젤
코젤
코젤
코젤
코젤
코젤
코젤
코젤
코젤
코젤
코젤
코젤
코젤
코젤
코젤
코젤
코젤
코젤
코젤
코젤
코젤
코젤
코젤
코젤
코젤
코젤
코젤
코젤
코젤
코젤
코젤
코젤
코젤
코젤
코젤
코젤
코젤
코젤
코젤
코젤
코젤
코젤
코젤
코젤
코젤
코젤
코젤
코젤
코젤
코젤
코젤
코젤
코젤
코젤
코젤
코젤
코젤
코젤
코젤
코젤
코젤
코젤
코젤
코젤
코젤
코젤
코젤
코젤
코젤
코젤
코젤
코젤
코젤
코젤
코젤
코젤
코젤
코젤
코젤
코젤
코젤
코젤
코젤
코젤
코젤
코젤
코젤
코젤
코젤
코젤
코젤
코젤
코젤
코젤
코젤
코젤
코젤
코젤
코젤
코젤
코젤
코젤
코젤
코젤
코젤
코젤
코젤
코젤
코젤
코젤
코젤
코젤
코젤
코젤
코젤
코젤
코젤
코젤
코젤
코젤
코젤
코젤
코젤
코젤
코젤
코젤
코젤
코젤
코젤
코젤
코젤
코젤
코젤
코젤
코젤
코젤
코젤
코젤
코젤
코젤
코젤
코젤
코젤
코젤
코젤
코젤
코젤
코젤
코젤
코젤
코젤
코젤
코젤
코젤
코젤
코젤
코젤
코젤
코젤
코젤
코젤
코젤
코젤
코젤
코젤
코젤
코젤
코젤
코젤
코젤
코젤
코젤
코젤
코젤
코젤
코젤
코젤
코젤
코젤
코젤
코젤
코젤
코젤
코젤
코젤
코젤
코젤
코젤
코젤
코젤
코젤
코젤
코젤
코젤
코젤
코젤
코젤
코젤
코젤
크롬바커
크롬바커
크롬바커
크롬바커
크롬바커
크롬바커
크롬바커
크롬바커
크롬바커
크롬바커
크롬바커
크롬바커
크롬바커
크롬바커
크롬바커
크롬바커
크롬바커
크롬바커
크롬바커
크롬바커
크롬바커
크롬바커
크롬바커
크롬바커
크롬바커
크롬바커
크롬바커
크롬바커
크롬바커
크롬바커
크롬바커
크롬바커
크롬바커
크롬바커
크롬바커
크롬바커
크롬바커
크롬바커
크롬바커
크롬바커
크롬바커
크롬바커
크롬바커
크롬바커
크롬바커
크롬바커
크롬바커
크롬바커
크롬바커
크롬바커
크롬바커
크롬바커
크롬바커
크롬바커
크롬바커
크롬바커
크롬바커
크롬바커
크롬바커
크롬바커
크롬바커
크롬바커
크롬바커
크롬바커
크롬바커
크롬바커
크롬바커
크롬바커
크롬바커
크롬바커
크롬바커
크롬바커
크롬바커
크롬바커
크롬바커
크롬바커
크롬바커
크롬바커
크롬바커
크롬바커
크롬바커
크롬바커
크롬바커
크롬바커
크롬바커
크롬바커
크롬바커
크롬바커
크롬바커
크롬바커
크롬바커
크롬바커
크롬바커
크롬바커
크롬바커
크롬바커
크롬바커
크롬바커
크롬바커
크롬바커
크롬바커
크롬바커
크롬바커
크롬바커
크롬바커
크롬바커
크롬바커
크롬바커
크롬바커
크롬바커
크롬바커
크롬바커
크롬바커
크롬바커
크롬바커
크롬바커
크롬바커
크롬바커
크롬바커
크롬바커
크롬바커
크롬바커
크롬바커
크롬바커
크롬바커
크롬바커
크롬바커
크롬바커
크롬바커
크롬바커
크롬바커
크롬바커
크롬바커
크롬바커
크롬바커
크롬바커
크롬바커
크롬바커
크롬바커
크롬바커
크롬바커
크롬바커
크롬바커
크롬바커
크롬바커
크롬바커
크롬바커
크롬바커
크롬바커
크롬바커
크롬바커
크롬바커
크롬바커
크롬바커
크롬바커
크롬바커
크롬바커
크롬바커
크롬바커
크롬바커
크롬바커
크롬바커
크롬바커
크롬바커
크롬바커
크롬바커
크롬바커
크롬바커
크롬바커
크롬바커
크롬바커
크롬바커
크롬바커
크롬바커
크롬바커
크롬바커
크롬바커
크롬바커
크롬바커
크롬바커
크롬바커
크롬바커
크롬바커
크롬바커
크롬바커
크롬바커
크롬바커
크롬바커
크롬바커
크롬바커
크롬바커
크롬바커
크롬바커
크롬바커
크롬바커
크롬바커
크롬바커
크롬바커
크롬바커
크롬바커
크롬바커
크롬바커
크롬바커
크롬바커
크롬바커
크롬바커
크롬바커
크롬바커
크롬바커
크롬바커
크롬바커
크롬바커
크롬바커
크롬바커
크롬바커
크롬바커
크롬바커
크롬바커
크롬바커
크롬바커
크롬바커
크롬바커
크롬바커
크롬바커
크롬바커
크롬바커
크롬바커
크롬바커
크롬바커
크롬바커
크롬바커
크롬바커
크롬바커
크롬바커
크롬바커
크롬바커
크롬바커
크롬바커
크롬바커
크롬바커
크롬바커
크롬바커
크롬바커
크롬바커
크롬바커
크롬바커
크롬바커
크롬바커
크롬바커
크롬바커
크롬바커
크롬바커
크롬바커
크롬바커
크롬바커
크롬바커
크롬바커
크롬바커
크롬바커
크롬바커
크롬바커
크롬바커
크롬바커
크롬바커
크롬바커
크롬바커
크롬바커
크롬바커
크롬바커
크롬바커
크롬바커
크롬바커
크롬바커
크롬바커
크롬바커
크롬바커
크롬바커
크롬바커
크롬바커
크롬바커
크롬바커
크롬바커
크롬바커
크롬바커
크롬바커
크롬바커
크롬바커
크롬바커
크롬바커
크롬바커
크롬바커
크롬바커
크롬바커
크롬바커
크롬바커
크롬바커
크롬바커
크롬바커
크롬바커
크롬바커
크롬바커
크롬바커
크롬바커
크롬바커
크롬바커
크롬바커
크롬바커
크롬바커
크롬바커
크롬바커
크롬바커
크롬바커
크롬바커
크롬바커
크롬바커
크롬바커
크롬바커
크롬바커
크롬바커
크롬바커
크롬바커
크롬바커
크롬바커
크롬바커
크롬바커
크롬바커
크롬바커
크롬바커
크롬바커
크롬바커
크롬바커
크롬바커
크롬바커
크롬바커
크롬바커
크롬바커
크롬바커
크롬바커
크롬바커
크롬바커
크롬바커
크롬바커
크롬바커
크롬바커
크롬바커
크롬바커
크롬바커
크롬바커
크롬바커
크롬바커
크롬바커
크롬바커
크롬바커
크롬바커
크롬바커
크롬바커
크롬바커
크롬바커
크롬바커
크롬바커
크롬바커
크롬바커
크롬바커
크롬바커
크롬바커
크롬바커
크롬바커
크롬바커
크롬바커
크롬바커
크롬바커
크롬바커
크롬바커
크롬바커
크롬바커
크롬바커
크롬바커
크롬바커
크롬바커
크롬바커
크롬바커
크롬바커
크롬바커
크롬바커
크롬바커
크롬바커
크롬바커
크롬바커
크롬바커
크롬바커
크롬바커
크롬바커
크롬바커
크롬바커
크롬바커
크롬바커
크롬바커
크롬바커
크롬바커
크롬바커
크롬바커
크롬바커
크롬바커
크롬바커
크롬바커
크롬바커
크롬바커
크롬바커
크롬바커
크롬바커
크롬바커
크롬바커
크롬바커
크롬바커
크롬바커
크롬바커
크롬바커
크롬바커
크롬바커
크롬바커
크롬바커
크롬바커
크롬바커
크롬바커
크롬바커
크롬바커
크롬바커
크롬바커
크롬바커
크롬바커
크롬바커
크롬바커
크롬바커
크롬바커
크롬바커
크롬바커
크롬바커
크롬바커
크롬바커
크롬바커
크롬바커
크롬바커
크롬바커
크롬바커
크롬바커
크롬바커
크롬바커
크롬바커
크롬바커
크롬바커
크롬바커
크롬바커
크롬바커
크롬바커
크롬바커
크롬바커
크롬바커
크롬바커
크롬바커
크롬바커
크롬바커
크롬바커
크롬바커
크롬바커
크롬바커
크롬바커
크롬바커
크롬바커
크롬바커
크롬바커
크롬바커
크롬바커
크롬바커
크롬바커
크롬바커
크롬바커
크롬바커
크롬바커
크롬바커
크롬바커
크롬바커
크롬바커
크롬바커
크롬바커
크롬바커
크롬바커
크롬바커
크롬바커
크롬바커
크롬바커
크롬바커
크롬바커
크롬바커
크롬바커
크롬바커
크롬바커
크롬바커
크롬바커
크롬바커
크롬바커
크롬바커
크롬바커
크롬바커
크롬바커
크롬바커
크롬바커
크롬바커
크롬바커
크롬바커
크롬바커
크롬바커
크롬바커
크롬바커
크롬바커
크롬바커
크롬바커
크롬바커
크롬바커
크롬바커
크롬바커
크롬바커
크롬바커
크롬바커
크롬바커
크롬바커
크롬바커
크롬바커
크롬바커
크롬바커
크롬바커
크롬바커
크롬바커
크롬바커
크롬바커
크롬바커
크롬바커
크롬바커
크롬바커
크롬바커
크롬바커
크롬바커
크롬바커
크롬바커
크롬바커
크롬바커
크롬바커
크롬바커
크롬바커
크롬바커
크롬바커
크롬바커
크롬바커
크롬바커
크롬바커
크롬바커
크롬바커
크롬바커
크롬바커
크롬바커
크롬바커
크롬바커
크롬바커
크롬바커
크롬바커
크롬바커
크롬바커
크롬바커
크롬바커
크롬바커
크롬바커
크롬바커
크롬바커
크롬바커
크롬바커
크롬바커
크롬바커
크롬바커
크롬바커
크롬바커
크롬바커
크롬바커
크롬바커
크롬바커
크롬바커
크롬바커
크롬바커
크롬바커
크롬바커
크롬바커
크롬바커
크롬바커
크롬바커
크롬바커
크롬바커
크롬바커
크롬바커
크롬바커
크롬바커
크롬바커
크롬바커
크롬바커
크롬바커
크롬바커
크롬바커
크롬바커
크롬바커
크롬바커
크롬바커
크롬바커
크롬바커
크롬바커
크롬바커
크롬바커
크롬바커
크롬바커
크롬바커
크롬바커
크롬바커
크롬바커
크롬바커
크롬바커
크롬바커
크롬바커
크롬바커
크롬바커
크롬바커
크롬바커
크롬바커
크롬바커
크롬바커
크롬바커
크롬바커
크롬바커
크롬바커
크롬바커
크롬바커
크롬바커
크롬바커
크롬바커
크롬바커
크롬바커
크롬바커
크롬바커
크롬바커
크롬바커
크롬바커
크롬바커
크롬바커
크롬바커
크롬바커
크롬바커
크롬바커
크롬바커
크롬바커
크롬바커
크롬바커
크롬바커
크롬바커
크롬바커
크롬바커
크롬바커
크롬바커
크롬바커
크롬바커
크롬바커
크롬바커
크롬바커
크롬바커
크롬바커
크롬바커
크롬바커
크롬바커
크롬바커
크롬바커
크롬바커
크롬바커
크롬바커
크롬바커
크롬바커
크롬바커
크롬바커
크롬바커
크롬바커
크롬바커
크롬바커
크롬바커
크롬바커
크롬바커
크롬바커
크롬바커
크롬바커
크롬바커
크롬바커
크롬바커
크롬바커
크롬바커
크롬바커
크롬바커
크롬바커
크롬바커
크롬바커
크롬바커
크롬바커
크롬바커
크롬바커
크롬바커
크롬바커
크롬바커
크롬바커
크롬바커
크롬바커
크롬바커
크롬바커
크롬바커
크롬바커
크롬바커
크롬바커
크롬바커
크롬바커
크롬바커
크롬바커
크롬바커
크롬바커
크롬바커
크롬바커
크롬바커
크롬바커
크롬바커
크롬바커
크롬바커
크롬바커
크롬바커
크롬바커
크롬바커
크롬바커
크롬바커
크롬바커
크롬바커
크롬바커
크롬바커
크롬바커
크롬바커
크롬바커
크롬바커
크롬바커
크롬바커
크롬바커
크롬바커
크롬바커
크롬바커
크롬바커
크롬바커
크롬바커
크롬바커
크롬바커
크롬바커
크롬바커
크롬바커
크롬바커
크롬바커
크롬바커
크롬바커
크롬바커
크롬바커
크롬바커
크롬바커
크롬바커
크롬바커
크롬바커
크롬바커
크롬바커
크롬바커
크롬바커
크롬바커
크롬바커
크롬바커
크롬바커
크롬바커
크롬바커
크롬바커
크롬바커
크롬바커
크롬바커
크롬바커
크롬바커
크롬바커
크롬바커
크롬바커
크롬바커
크롬바커
크롬바커
크롬바커
크롬바커
크롬바커
크롬바커
크롬바커
크롬바커
크롬바커
크롬바커
크롬바커
크롬바커
크롬바커
크롬바커
크롬바커
크롬바커
크롬바커
크롬바커
크롬바커
크롬바커
크롬바커
크롬바커
크롬바커
크롬바커
크롬바커
크롬바커
크롬바커
크롬바커
크롬바커
크롬바커
크롬바커
크롬바커
크롬바커
크롬바커
크롬바커
크롬바커
크롬바커
크롬바커
크롬바커
크롬바커
크롬바커
크롬바커
크롬바커
크롬바커
크롬바커
크롬바커
크롬바커
크롬바커
크롬바커
크롬바커
크롬바커
크롬바커
크롬바커
크롬바커
크롬바커
크롬바커
크롬바커
크롬바커
크롬바커
크롬바커
크롬바커
크롬바커
크롬바커
크롬바커
크롬바커
크롬바커
크롬바커
크롬바커
크롬바커
크롬바커
크롬바커
크롬바커
크롬바커
크롬바커
크롬바커
크롬바커
크롬바커
크롬바커
크롬바커
크롬바커
크롬바커
크롬바커
크롬바커
크롬바커
크롬바커
크롬바커
크롬바커
크롬바커
크롬바커
크롬바커
크롬바커
크롬바커
크롬바커
크롬바커
크롬바커
크롬바커
크롬바커
크롬바커
크롬바커
크롬바커
크롬바커
크롬바커
크롬바커
크롬바커
크롬바커
크롬바커
크롬바커
크롬바커
크롬바커
크롬바커
크롬바커
크롬바커
크롬바커
크롬바커
크롬바커
크롬바커
크롬바커
크롬바커
크롬바커
크롬바커
크롬바커
크롬바커
크롬바커
크롬바커
크롬바커
크롬바커
크롬바커
크롬바커
크롬바커
크롬바커
크롬바커
크롬바커
크롬바커
크롬바커
크롬바커
크롬바커
크롬바커
크롬바커
크롬바커
크롬바커
크롬바커
크롬바커
크롬바커
크롬바커
크롬바커
크롬바커
크롬바커
크롬바커
크롬바커
크롬바커
크롬바커
크롬바커
크롬바커
크롬바커
크롬바커
크롬바커
크롬바커
크롬바커
크롬바커
크롬바커
크롬바커
크롬바커
크롬바커
크롬바커
크롬바커
크롬바커
크롬바커
크롬바커
크롬바커
크롬바커
크롬바커
크롬바커
크롬바커
크롬바커
크롬바커
크롬바커
크롬바커
크롬바커
크롬바커
크롬바커
크롬바커
크롬바커
크롬바커
크롬바커
크롬바커
크롬바커
크롬바커
크롬바커
크롬바커
크롬바커
크롬바커
크롬바커
크롬바커
크롬바커
크롬바커
크롬바커
크롬바커
크롬바커
크롬바커
크롬바커
크롬바커
크롬바커
크롬바커
크롬바커
크롬바커
크롬바커
크롬바커
크롬바커
크롬바커
크롬바커
크롬바커
크롬바커
크롬바커
크롬바커
크롬바커
크롬바커
크롬바커
크롬바커
크롬바커
크롬바커
크롬바커
크롬바커
크롬바커
크롬바커
크롬바커
크롬바커
크롬바커
크롬바커
크롬바커
크롬바커
크롬바커
크롬바커
크롬바커
크롬바커
크롬바커
크롬바커
크롬바커
크롬바커
크롬바커
크롬바커
크롬바커
크롬바커
크롬바커
크롬바커
크롬바커
크롬바커
크롬바커
크롬바커
크롬바커
크롬바커
크롬바커
크롬바커
크롬바커
크롬바커
크롬바커
크롬바커
크롬바커
크롬바커
크롬바커
크롬바커
크롬바커
크롬바커
크롬바커
크롬바커
크롬바커
크롬바커
크롬바커
크롬바커
크롬바커
크롬바커
크롬바커
크롬바커
크롬바커
크롬바커
크롬바커
크롬바커
크롬바커
필스너
필스너
필스너
필스너
필스너
필스너
필스너
필스너
필스너
필스너
필스너
필스너
필스너
필스너
필스너
필스너
필스너
필스너
필스너
필스너
필스너
필스너
필스너
필스너
필스너
필스너
필스너
필스너
필스너
필스너
필스너
필스너
필스너
필스너
필스너
필스너
필스너
필스너
필스너
필스너
필스너
필스너
필스너
필스너
필스너
필스너
필스너
필스너
필스너
필스너
필스너
필스너
필스너
필스너
필스너
필스너
필스너
필스너
필스너
필스너
필스너
필스너
필스너
필스너
필스너
필스너
필스너
필스너
필스너
필스너
필스너
필스너
필스너
필스너
필스너
필스너
필스너
필스너
필스너
필스너
필스너
필스너
필스너
필스너
필스너
필스너
필스너
필스너
필스너
필스너
필스너
필스너
필스너
필스너
필스너
필스너
필스너
필스너
필스너
필스너
필스너
필스너
필스너
필스너
필스너
필스너
필스너
필스너
필스너
필스너
필스너
필스너
필스너
필스너
필스너
필스너
필스너
필스너
필스너
필스너
필스너
필스너
필스너
필스너
필스너
필스너
필스너
필스너
필스너
필스너
필스너
필스너
필스너
필스너
필스너
필스너
필스너
필스너
필스너
필스너
필스너
필스너
필스너
필스너
필스너
필스너
필스너
필스너
필스너
필스너
필스너
필스너
필스너
필스너
필스너
필스너
필스너
필스너
필스너
필스너
필스너
필스너
필스너
필스너
필스너
필스너
필스너
필스너
필스너
필스너
필스너
필스너
필스너
필스너
필스너
필스너
필스너
필스너
필스너
필스너
필스너
필스너
필스너
필스너
필스너
필스너
필스너
필스너
필스너
필스너
필스너
필스너
필스너
필스너
필스너
필스너
필스너
필스너
필스너
필스너
필스너
필스너
필스너
필스너
필스너
필스너
필스너
필스너
필스너
필스너
필스너
필스너
필스너
필스너
필스너
필스너
필스너
필스너
필스너
필스너
필스너
필스너
필스너
필스너
필스너
필스너
필스너
필스너
필스너
필스너
필스너
필스너
필스너
필스너
필스너
필스너
필스너
필스너
필스너
필스너
필스너
필스너
필스너
필스너
필스너
필스너
필스너
필스너
필스너
필스너
필스너
필스너
필스너
필스너
필스너
필스너
필스너
필스너
필스너
필스너
필스너
필스너
필스너
필스너
필스너
필스너
필스너
필스너
필스너
필스너
필스너
필스너
필스너
필스너
필스너
필스너
필스너
필스너
필스너
필스너
필스너
필스너
필스너
필스너
필스너
필스너
필스너
필스너
필스너
필스너
필스너
필스너
필스너
필스너
필스너
필스너
필스너
필스너
필스너
필스너
필스너
필스너
필스너
필스너
필스너
필스너
필스너
필스너
필스너
필스너
필스너
필스너
필스너
필스너
필스너
필스너
필스너
필스너
필스너
필스너
필스너
필스너
필스너
필스너
필스너
필스너
필스너
필스너
필스너
필스너
필스너
필스너
필스너
필스너
필스너
필스너
필스너
필스너
필스너
필스너
필스너
필스너
필스너
필스너
필스너
필스너
필스너
필스너
필스너
필스너
필스너
필스너
필스너
필스너
필스너
필스너
필스너
필스너
필스너
필스너
필스너
필스너
필스너
필스너
필스너
필스너
필스너
필스너
필스너
필스너
필스너
필스너
필스너
필스너
필스너
필스너
필스너
필스너
필스너
필스너
필스너
필스너
필스너
필스너
필스너
필스너
필스너
필스너
필스너
필스너
필스너
필스너
필스너
필스너
필스너
필스너
필스너
필스너
필스너
필스너
필스너
필스너
필스너
필스너
필스너
필스너
필스너
필스너
필스너
필스너
필스너
필스너
필스너
필스너
필스너
필스너
필스너
필스너
필스너
필스너
필스너
필스너
필스너
필스너
필스너
필스너
필스너
필스너
필스너
필스너
필스너
필스너
필스너
필스너
필스너
필스너
필스너
필스너
필스너
필스너
필스너
필스너
필스너
필스너
필스너
필스너
필스너
필스너
필스너
필스너
필스너
필스너
필스너
필스너
필스너
필스너
필스너
필스너
필스너
필스너
필스너
필스너
필스너
필스너
필스너
필스너
필스너
필스너
필스너
필스너
필스너
필스너
필스너
필스너
필스너
필스너
필스너
필스너
필스너
필스너
필스너
필스너
필스너
필스너
필스너
필스너
필스너
필스너
필스너
필스너
필스너
필스너
필스너
필스너
필스너
필스너
필스너
필스너
필스너
필스너
필스너
필스너
필스너
필스너
필스너
필스너
필스너
필스너
필스너
필스너
필스너
필스너
필스너
필스너
필스너
필스너
필스너
필스너
필스너
필스너
필스너
필스너
필스너
필스너
필스너
필스너
필스너
필스너
필스너
필스너
필스너
필스너
필스너
필스너
필스너
필스너
필스너
필스너
필스너
필스너
필스너
필스너
필스너
필스너
필스너
필스너
필스너
필스너
필스너
필스너
필스너
필스너
필스너
필스너
필스너
필스너
필스너
필스너
필스너
필스너
필스너
필스너
필스너
필스너
필스너
필스너
필스너
필스너
필스너
필스너
필스너
필스너
필스너
필스너
필스너
필스너
필스너
필스너
필스너
필스너
필스너
필스너
필스너
필스너
필스너
필스너
필스너
필스너
필스너
필스너
필스너
필스너
필스너
필스너
필스너
필스너
필스너
필스너
필스너
필스너
필스너
필스너
필스너
필스너
필스너
필스너
필스너
필스너
필스너
필스너
필스너
필스너
필스너
필스너
필스너
필스너
필스너
필스너
필스너
필스너
필스너
필스너
필스너
필스너
필스너
필스너
필스너
필스너
필스너
필스너
필스너
필스너
필스너
필스너
필스너
필스너
필스너
필스너
필스너
필스너
필스너
필스너
필스너
필스너
필스너
필스너
필스너
필스너
필스너
필스너
필스너
필스너
필스너
필스너
필스너
필스너
필스너
필스너
필스너
필스너
필스너
필스너
필스너
필스너
필스너
필스너
필스너
필스너
필스너
필스너
필스너
필스너
필스너
필스너
필스너
필스너
필스너
필스너
필스너
필스너
필스너
필스너
필스너
필스너
필스너
필스너
필스너
필스너
필스너
필스너
필스너
필스너
필스너
필스너
필스너
필스너
필스너
필스너
필스너
필스너
필스너
필스너
필스너
필스너
필스너
필스너
필스너
필스너
필스너
필스너
필스너
필스너
필스너
필스너
필스너
필스너
필스너
필스너
필스너
필스너
필스너
필스너
필스너
필스너
필스너
필스너
필스너
필스너
필스너
필스너
필스너
필스너
필스너
필스너
필스너
필스너
필스너
필스너
필스너
필스너
필스너
필스너
필스너
필스너
필스너
필스너
필스너
필스너
필스너
필스너
필스너
필스너
필스너
필스너
필스너
필스너
필스너
필스너
필스너
필스너
필스너
필스너
필스너
필스너
필스너
필스너
필스너
필스너
필스너
필스너
필스너
필스너
필스너
필스너
필스너
필스너
필스너
필스너
필스너
필스너
필스너
필스너
필스너
필스너
필스너
필스너
필스너
필스너
필스너
필스너
필스너
필스너
필스너
필스너
필스너
필스너
필스너
필스너
필스너
필스너
필스너
필스너
필스너
필스너
필스너
필스너
필스너
필스너
필스너
필스너
필스너
필스너
필스너
필스너
필스너
필스너
필스너
필스너
필스너
필스너
필스너
필스너
필스너
필스너
필스너
필스너
필스너
필스너
필스너
필스너
필스너
필스너
필스너
필스너
필스너
필스너
필스너
필스너
필스너
필스너
필스너
필스너
필스너
필스너
필스너
필스너
필스너
필스너
필스너
필스너
필스너
필스너
필스너
필스너
필스너
필스너
필스너
필스너
필스너
필스너
필스너
필스너
필스너
필스너
필스너
필스너
필스너
필스너
필스너
필스너
필스너
필스너
필스너
필스너
필스너
필스너
필스너
필스너
필스너
필스너
필스너
필스너
필스너
필스너
필스너
필스너
필스너
필스너
필스너
필스너
필스너
필스너
필스너
필스너
필스너
필스너
필스너
필스너
필스너
필스너
필스너
필스너
필스너
필스너
필스너
필스너
필스너
필스너
필스너
필스너
필스너
필스너
필스너
필스너
필스너
필스너
필스너
필스너
필스너
필스너
필스너
필스너
필스너
필스너
필스너
필스너
필스너
필스너
필스너
필스너
필스너
필스너
필스너
필스너
필스너
필스너
필스너
필스너
필스너
필스너
필스너
필스너
필스너
필스너
필스너
필스너
필스너
필스너
필스너
필스너
필스너
필스너
필스너
필스너
필스너
필스너
필스너
필스너
필스너
필스너
필스너
필스너
필스너
필스너
필스너
필스너
필스너
필스너
필스너
필스너
필스너
필스너
필스너
필스너
필스너
필스너
필스너
필스너
필스너
필스너
필스너
필스너
필스너
필스너
필스너
필스너
필스너
필스너
필스너
필스너
필스너
필스너
필스너
필스너
필스너
필스너
필스너
필스너
필스너
필스너
필스너
필스너
필스너
필스너
필스너
필스너
필스너
필스너
필스너
필스너
필스너
필스너
필스너
필스너
필스너
필스너
필스너
필스너
필스너
필스너
필스너
필스너
필스너
필스너
필스너
필스너
필스너
필스너
필스너
필스너
필스너
필스너
필스너
필스너
필스너
필스너
필스너
필스너
필스너
필스너
필스너
필스너
필스너
필스너
필스너
필스너
필스너
필스너
필스너
필스너
필스너
필스너
필스너
필스너
필스너
필스너
필스너
필스너
필스너
필스너
필스너
필스너
필스너
필스너
필스너
필스너
필스너
필스너
필스너
필스너
필스너
필스너
필스너
필스너
필스너
필스너
필스너
필스너
필스너
필스너
필스너
필스너
필스너
필스너
필스너
필스너
필스너
필스너
필스너
필스너
필스너
필스너
필스너
필스너
필스너
필스너
필스너
필스너
필스너
필스너
필스너
필스너
필스너
필스너
필스너
필스너
필스너
필스너
필스너
필스너
필스너
필스너
필스너
필스너
필스너
필스너
필스너
필스너
필스너
필스너
필스너
필스너
필스너
필스너
필스너
필스너
필스너
필스너
필스너
필스너
필스너
필스너
필스너
필스너
필스너
필스너
필스너
필스너
필스너
필스너
필스너
필스너
필스너
필스너
필스너
필스너
필스너
필스너
필스너
필스너
필스너
필스너
필스너
필스너
필스너
필스너
필스너
필스너
필스너
필스너
필스너
필스너
필스너
필스너
필스너
필스너
필스너
필스너
필스너
필스너
필스너
필스너
필스너
필스너
필스너
필스너
필스너
필스너
필스너
필스너
필스너
필스너
필스너
필스너
필스너
필스너
필스너
필스너
필스너
필스너
필스너
필스너
필스너
필스너
필스너
필스너
필스너
필스너
필스너
필스너
필스너
필스너
필스너
필스너
필스너
필스너
필스너
필스너
필스너
필스너
필스너
필스너
필스너
필스너
필스너
필스너
필스너
필스너
필스너
필스너
필스너
필스너
필스너
필스너
필스너
필스너
필스너
필스너
필스너
필스너
필스너
필스너
필스너
필스너
필스너
필스너
필스너
필스너
필스너
필스너
필스너
필스너
필스너
필스너
필스너
필스너
필스너
필스너
필스너
필스너
필스너
필스너
필스너
필스너
필스너
필스너
필스너
필스너
필스너
필스너
필스너
필스너
필스너
필스너
필스너
필스너
필스너
필스너
필스너
필스너
필스너
필스너
필스너
필스너
필스너
필스너
필스너
필스너
필스너
필스너
필스너
필스너
필스너
필스너
필스너
필스너
필스너
필스너
필스너
필스너
필스너
필스너
필스너
필스너
필스너
필스너
필스너
필스너
필스너
필스너
필스너
필스너
필스너
필스너
필스너
필스너
필스너
필스너
필스너
필스너
필스너
필스너
필스너
필스너
필스너
필스너
필스너
필스너
필스너
필스너
필스너
필스너
필스너
필스너
필스너
필스너
필스너
필스너
필스너
필스너
필스너
필스너
필스너
필스너
필스너
필스너
필스너
필스너
필스너
필스너
필스너
필스너
필스너
필스너
필스너
필스너
필스너
필스너
필스너
필스너
필스너
필스너
필스너
필스너
필스너
필스너
필스너
필스너
필스너
필스너
필스너
필스너
필스너
필스너
필스너
필스너
필스너
필스너
필스너
필스너
필스너
필스너
필스너
필스너
필스너
필스너
필스너
필스너
필스너
필스너
필스너
필스너
필스너
필스너
필스너
필스너
필스너
필스너
필스너
필스너
필스너
필스너
필스너
필스너
필스너
필스너
필스너
필스너
필스너
필스너
필스너
필스너
필스너
필스너
필스너
필스너
필스너
필스너
필스너
필스너
필스너
필스너
필스너
필스너
필스너
필스너
필스너
필스너
필스너
필스너
필스너
필스너
필스너
필스너
필스너
필스너
필스너
필스너
필스너
필스너
필스너
필스너
필스너
필스너
필스너
필스너
필스너
필스너
필스너
필스너
필스너
필스너
필스너
필스너
필스너
필스너
필스너
필스너
필스너
필스너
필스너
필스너
필스너
필스너
필스너
필스너
필스너
필스너
필스너
필스너
필스너
필스너
필스너
필스너
필스너
필스너
필스너
필스너
필스너
필스너
필스너
필스너
필스너
필스너
필스너
필스너
필스너
필스너
필스너
필스너
필스너
필스너
필스너
필스너
필스너
필스너
필스너
필스너
필스너
필스너
필스너
필스너
필스너
필스너
필스너
필스너
필스너
필스너
필스너
필스너
필스너
필스너
필스너
필스너
필스너
필스너
필스너
필스너
필스너
필스너
필스너
필스너
필스너
필스너
필스너
필스너
필스너
필스너
필스너
필스너
필스너
필스너
필스너
필스너
필스너
필스너
필스너
필스너
필스너
필스너
필스너
필스너
필스너
필스너
필스너
필스너
필스너
필스너
필스너
필스너
필스너
필스너
필스너
필스너
필스너
필스너
필스너
필스너
필스너
필스너
필스너
필스너
필스너
필스너
필스너
필스너
필스너
필스너
필스너
필스너
필스너
필스너
필스너
필스너
필스너
필스너
필스너
필스너
필스너
필스너
필스너
필스너
필스너
필스너
필스너
필스너
필스너
필스너
필스너
필스너
필스너
필스너
필스너
필스너
필스너
필스너
필스너
필스너
필스너
필스너
필스너
필스너
필스너
필스너
필스너
필스너
필스너
필스너
필스너
필스너
필스너
필스너
필스너
필스너
필스너
필스너
필스너
필스너
필스너
필스너
필스너
필스너
필스너
필스너
필스너
필스너
필스너
필스너
필스너
필스너
필스너
필스너
필스너
필스너
필스너
필스너
필스너
필스너
필스너
필스너
필스너
필스너
필스너
필스너
필스너
필스너
필스너
필스너
필스너
필스너
필스너
필스너
필스너
필스너
필스너
필스너
필스너
필스너
필스너
필스너
필스너
필스너
필스너
필스너
필스너
필스너
필스너
필스너
필스너
필스너
필스너
필스너
필스너
필스너
필스너
필스너
필스너
필스너
필스너
필스너
필스너
필스너
필스너
필스너
필스너
필스너
필스너
필스너
필스너
필스너
필스너
필스너
필스너
필스너
필스너
필스너
필스너
필스너
필스너
필스너
필스너
필스너
필스너
필스너
필스너
필스너
필스너
필스너
필스너
필스너
필스너
필스너
필스너
필스너
필스너
필스너
필스너
필스너
필스너
필스너
필스너
필스너
필스너
필스너
필스너
필스너
필스너
필스너
필스너
필스너
필스너
필스너
필스너
필스너
필스너
필스너
필스너
필스너
필스너
필스너
필스너
필스너
필스너
필스너
필스너
필스너
필스너
필스너
필스너
필스너
필스너
필스너
필스너
필스너
필스너
필스너
필스너
필스너
필스너
필스너
필스너
필스너
필스너
필스너
필스너
필스너
필스너
필스너
필스너
필스너
필스너
필스너
필스너
필스너
필스너
필스너
필스너
필스너
필스너
필스너
필스너
필스너
필스너
필스너
필스너
필스너
필스너
필스너
필스너
필스너
필스너
필스너
필스너
필스너
필스너
필스너
필스너
필스너
필스너
필스너
필스너
필스너
필스너
필스너
필스너
필스너
필스너
필스너
필스너
필스너
필스너
필스너
필스너
필스너
필스너
필스너
필스너
필스너
필스너
필스너
필스너
필스너
필스너
필스너
필스너
필스너
필스너
필스너
필스너
필스너
필스너
필스너
필스너
필스너
필스너
필스너
필스너
필스너
필스너
필스너
필스너
필스너
필스너
필스너
필스너
필스너
필스너
필스너
필스너
필스너
필스너
필스너
필스너
필스너
필스너
필스너
필스너
필스너
필스너
필스너
필스너
필스너
필스너
필스너
필스너
필스너
필스너
필스너
필스너
필스너
필스너
필스너
필스너
필스너
필스너
필스너
필스너
필스너
필스너
필스너
필스너
필스너
필스너
필스너
필스너
필스너
필스너
필스너
필스너
필스너
필스너
필스너
필스너
필스너
필스너
필스너
필스너
필스너
필스너
필스너
필스너
필스너
필스너
필스너
필스너
필스너
필스너
필스너
필스너
필스너
필스너
필스너
필스너
필스너
필스너
필스너
필스너
필스너
필스너
필스너
필스너
필스너
필스너
필스너
필스너
필스너
필스너
필스너
필스너
필스너
필스너
필스너
필스너
필스너
필스너
필스너
필스너
필스너
필스너
필스너
필스너
필스너
필스너
필스너
필스너
필스너
필스너
필스너
필스너
필스너
필스너
필스너
필스너
필스너
필스너
필스너
필스너
필스너
필스너
필스너
필스너
필스너
필스너
필스너
필스너
필스너
필스너
필스너
필스너
필스너
필스너
필스너
필스너
필스너
필스너
필스너
필스너
필스너
필스너
필스너
필스너
필스너
필스너
필스너
필스너
필스너
필스너
필스너
필스너
필스너
필스너
필스너
필스너
필스너
필스너
필스너
필스너
필스너
필스너
필스너
필스너
필스너
필스너
필스너
필스너
필스너
필스너
필스너
필스너
필스너
필스너
필스너
필스너
필스너
필스너
필스너
필스너
필스너
필스너
필스너
필스너
필스너
필스너
필스너
필스너
필스너
필스너
필스너
필스너
필스너
필스너
필스너
필스너
필스너
필스너
필스너
필스너
필스너
필스너
필스너
필스너
필스너
필스너
필스너
필스너
필스너
필스너
필스너
필스너
필스너
필스너
필스너
필스너
필스너
필스너
필스너
필스너
필스너
필스너
필스너
필스너
필스너
필스너
필스너
필스너
필스너
필스너
필스너
필스너
필스너
필스너
필스너
필스너
필스너
필스너
필스너
필스너
필스너
필스너
필스너
필스너
필스너
필스너
필스너
필스너
필스너
필스너
필스너
필스너
필스너
필스너
필스너
필스너
필스너
필스너
필스너
필스너
필스너
필스너
필스너
필스너
필스너
필스너
필스너
필스너
필스너
필스너
필스너
필스너
필스너
필스너
필스너
필스너
필스너
필스너
필스너
필스너
필스너
필스너
필스너
필스너
필스너
필스너
필스너
필스너
필스너
필스너
필스너
필스너
필스너
필스너
필스너
필스너
필스너
필스너
필스너
필스너
필스너
필스너
필스너
필스너
필스너
필스너
필스너
필스너
필스너
필스너
필스너
필스너
필스너
필스너
필스너
필스너
필스너
필스너
필스너
필스너
필스너
필스너
필스너
필스너
필스너
필스너
필스너
필스너
필스너
필스너
필스너
필스너
필스너
필스너
필스너
필스너
필스너
필스너
필스너
필스너
필스너
필스너
필스너
필스너
필스너
필스너
필스너
필스너
필스너
필스너
필스너
필스너
필스너
필스너
필스너
필스너
필스너
필스너
필스너
필스너
필스너
필스너
필스너
필스너
필스너
필스너
필스너
필스너
필스너
필스너
필스너
필스너
필스너
필스너
필스너
필스너
필스너
필스너
필스너
필스너
필스너
필스너
필스너
필스너
필스너
필스너
필스너
필스너
필스너
필스너
필스너
필스너
필스너
필스너
필스너
필스너
필스너
필스너
필스너
필스너
필스너
필스너
필스너
필스너
필스너
필스너
필스너
필스너
필스너
필스너
필스너
필스너
필스너
필스너
필스너
필스너
필스너
필스너
필스너
필스너
필스너
필스너
필스너
필스너
필스너
필스너
필스너
필스너
필스너
필스너
필스너
필스너
필스너
필스너
필스너
필스너
필스너
필스너
필스너
필스너
필스너
필스너
필스너
필스너
필스너
필스너
필스너
필스너
필스너
필스너
필스너
필스너
필스너
필스너
필스너
필스너
필스너
필스너
필스너
필스너
필스너
필스너
필스너
필스너
필스너
필스너
필스너
필스너
필스너
필스너
필스너
필스너
필스너
필스너
필스너
필스너
필스너
필스너
필스너
필스너
필스너
필스너
필스너
필스너
필스너
필스너
필스너
필스너
필스너
필스너
필스너
필스너
필스너
필스너
필스너
필스너
필스너
필스너
필스너
필스너
필스너
필스너
필스너
필스너
필스너
필스너
필스너
필스너
필스너
필스너
필스너
필스너
필스너
필스너
필스너
필스너
필스너
필스너
필스너
필스너
필스너
필스너
필스너
필스너
필스너
필스너
필스너
필스너
필스너
필스너
필스너
필스너
필스너
필스너
필스너
필스너
필스너
필스너
필스너
필스너
필스너
필스너
필스너
필스너
필스너
필스너
필스너
필스너
필스너
필스너
필스너
필스너
필스너
필스너
필스너
필스너
필스너
필스너
필스너
필스너
필스너
필스너
필스너
필스너
필스너
필스너
필스너
필스너
필스너
필스너
필스너
필스너
필스너
필스너
필스너
필스너
필스너
필스너
필스너
필스너
필스너
필스너
필스너
필스너
필스너
필스너
필스너
필스너
필스너
필스너
필스너
필스너
필스너
필스너
필스너
필스너
필스너
필스너
필스너
필스너
필스너
필스너
필스너
필스너
필스너
필스너
필스너
필스너
필스너
필스너
필스너
필스너
필스너
필스너
필스너
필스너
필스너
필스너
필스너
필스너
필스너
필스너
필스너
필스너
필스너
필스너
필스너
필스너
필스너
필스너
필스너
필스너
필스너
필스너
필스너
필스너
필스너
필스너
필스너
필스너
필스너
필스너
필스너
필스너
필스너
필스너
필스너
필스너
필스너
필스너
필스너
필스너
필스너
필스너
필스너
필스너
필스너
필스너
필스너
필스너
필스너
필스너
필스너
필스너
필스너
필스너
필스너
필스너
필스너
필스너
필스너
필스너
필스너
필스너
필스너
필스너
필스너
필스너
필스너
필스너
필스너
필스너
필스너
필스너
필스너
필스너
필스너
필스너
필스너
필스너
필스너
필스너
필스너
필스너
필스너
필스너
필스너
필스너
필스너
필스너
필스너
필스너
필스너
필스너
필스너
필스너
필스너
필스너
필스너
필스너
필스너
필스너
필스너
필스너
필스너
필스너
필스너
필스너
필스너
필스너
필스너
필스너
필스너
필스너
필스너
필스너
필스너
필스너
필스너
필스너
필스너
필스너
필스너
필스너
필스너
필스너
필스너
필스너
필스너
필스너
필스너
필스너
필스너
필스너
필스너
필스너
필스너
필스너
필스너
필스너
필스너
필스너
필스너
필스너
필스너
필스너
필스너
필스너
필스너
필스너
필스너
필스너
필스너
필스너
필스너
필스너
필스너
필스너
필스너
필스너
필스너
필스너
필스너
필스너
필스너
필스너
필스너
필스너
필스너
필스너
필스너
필스너
필스너
필스너
필스너
필스너
필스너
필스너
필스너
필스너
필스너
필스너
필스너
필스너
필스너
필스너
필스너
필스너
필스너
필스너
필스너
필스너
필스너
필스너
필스너
필스너
필스너
필스너
필스너
필스너
필스너
필스너
필스너
필스너
필스너
필스너
필스너
필스너
필스너
필스너
필스너
필스너
필스너
필스너
필스너
필스너
필스너
필스너
필스너
필스너
필스너
필스너
필스너
필스너
필스너
필스너
필스너
필스너
필스너
필스너
필스너
필스너
필스너
필스너
필스너
필스너
필스너
필스너
필스너
필스너
필스너
필스너
필스너
필스너
필스너
필스너
필스너
필스너
필스너
필스너
필스너
필스너
필스너
필스너
필스너
필스너
필스너
필스너
필스너
필스너
필스너
필스너
필스너
필스너
필스너
필스너
필스너
필스너
필스너
필스너
필스너
필스너
필스너
필스너
필스너
필스너
필스너
필스너
필스너
필스너
필스너
필스너
필스너
필스너
필스너
필스너
필스너
필스너
필스너
필스너
필스너
필스너
필스너
필스너
필스너
필스너
필스너
필스너
필스너
필스너
필스너
필스너
필스너
필스너
필스너
필스너
필스너
필스너
필스너
필스너
필스너
필스너
필스너
필스너
필스너
필스너
필스너
필스너
필스너
필스너
필스너
필스너
필스너
필스너
필스너
필스너
필스너
필스너
필스너
필스너
필스너
필스너
필스너
필스너
필스너
필스너
필스너
필스너
필스너
필스너
필스너
필스너
필스너
필스너
필스너
필스너
필스너
필스너
필스너
필스너
필스너
필스너
필스너
필스너
필스너
필스너
필스너
필스너
필스너
필스너
필스너
필스너
필스너
필스너
필스너
필스너
필스너
필스너
필스너
필스너
필스너
필스너
필스너
필스너
필스너
필스너
필스너
필스너
필스너
필스너
필스너
필스너
필스너
필스너
필스너
필스너
필스너
필스너
필스너
필스너
필스너
필스너
필스너
필스너
필스너
필스너
필스너
필스너
필스너
필스너
필스너
필스너
필스너
필스너
필스너
필스너
필스너
필스너
필스너
필스너
필스너
필스너
필스너
필스너
필스너
필스너
필스너
필스너
필스너
필스너
필스너
필스너
필스너
필스너
필스너
필스너
필스너
필스너
필스너
필스너
필스너
필스너
필스너
필스너
필스너
필스너
필스너
필스너
필스너
필스너
필스너
필스너
필스너
필스너
필스너
필스너
필스너
필스너
필스너
필스너
필스너
필스너
필스너
필스너
필스너
필스너
필스너
필스너
필스너
필스너
필스너
필스너
필스너
필스너
필스너
필스너
필스너
필스너
필스너
필스너
필스너
필스너
필스너
필스너
필스너
필스너
필스너
필스너
필스너
필스너
필스너
필스너
필스너
필스너
필스너
필스너
필스너
필스너
필스너
필스너
필스너
필스너
필스너
필스너
필스너
필스너
필스너
필스너
필스너
필스너
필스너
필스너
필스너
필스너
필스너
필스너
필스너
필스너
필스너
필스너
필스너
필스너
필스너
필스너
필스너
필스너
필스너
필스너
필스너
필스너
필스너
필스너
필스너
필스너
필스너
필스너
필스너
필스너
필스너
필스너
필스너
필스너
필스너
필스너
필스너
필스너
필스너
필스너
필스너
필스너
필스너
필스너
필스너
필스너
필스너
필스너
필스너
필스너
필스너
필스너
필스너
필스너
필스너
필스너
필스너
필스너
필스너
필스너
필스너
필스너
필스너
필스너
필스너
필스너
필스너
필스너
필스너
필스너
필스너
필스너
필스너
필스너
필스너
필스너
필스너
필스너
필스너
필스너
필스너
필스너
필스너
필스너
필스너
필스너
필스너
필스너
필스너
필스너
필스너
필스너
필스너
필스너
필스너
필스너
필스너
필스너
필스너
필스너
필스너
필스너
필스너
필스너
필스너
필스너
필스너
필스너
필스너
필스너
필스너
필스너
필스너
필스너
필스너
필스너
필스너
필스너
필스너
필스너
필스너
필스너
필스너
필스너
필스너
필스너
필스너
필스너
필스너
필스너
필스너
필스너
필스너
필스너
필스너
필스너
필스너
필스너
필스너
필스너
필스너
필스너
필스너
필스너
필스너
필스너
필스너
필스너
필스너
필스너
필스너
필스너
필스너
필스너
필스너
필스너
필스너
필스너
필스너
필스너
필스너
필스너
필스너
필스너
필스너
필스너
필스너
필스너
필스너
필스너
필스너
필스너
필스너
필스너
필스너
필스너
필스너
필스너
필스너
필스너
필스너
필스너
필스너
필스너
필스너
필스너
필스너
필스너
필스너
필스너
필스너
필스너
필스너
필스너
필스너
필스너
필스너
필스너
필스너
필스너
필스너
필스너
필스너
필스너
필스너
필스너
필스너
필스너
필스너
필스너
필스너
필스너
필스너
필스너
필스너
필스너
필스너
필스너
필스너
필스너
필스너
필스너
필스너
필스너
필스너
필스너
필스너
필스너
필스너
필스너
필스너
필스너
필스너
필스너
필스너
필스너
필스너
필스너
필스너
필스너
필스너
필스너
필스너
필스너
필스너
필스너
필스너
필스너
필스너
필스너
필스너
필스너
필스너
필스너
필스너
필스너
필스너
필스너
필스너
필스너
필스너
필스너
필스너
필스너
필스너
필스너
필스너
필스너
필스너
필스너
필스너
필스너
필스너
필스너
필스너
필스너
필스너
필스너
필스너
필스너
필스너
필스너
필스너
필스너
필스너
필스너
필스너
필스너
필스너
필스너
필스너
필스너
필스너
필스너
필스너
필스너
필스너
필스너
필스너
필스너
필스너
필스너
필스너
필스너
필스너
필스너
필스너
필스너
필스너
필스너
필스너
필스너
필스너
필스너
필스너
필스너
필스너
필스너
필스너
필스너
필스너
필스너
필스너
필스너
필스너
필스너
필스너
필스너
필스너
필스너
필스너
필스너
필스너
필스너
필스너
필스너
필스너
필스너
필스너
필스너
필스너
필스너
필스너
필스너
필스너
필스너
필스너
필스너
필스너
필스너
필스너
필스너
필스너
필스너
필스너
필스너
필스너
필스너
필스너
필스너
필스너
필스너
필스너
필스너
필스너
필스너
필스너
필스너
필스너
필스너
필스너
필스너
필스너
필스너
필스너
필스너
필스너
필스너
필스너
필스너
필스너
필스너
필스너
필스너
필스너
필스너
필스너
필스너
필스너
필스너
필스너
필스너
필스너
필스너
필스너
필스너
필스너
필스너
필스너
필스너
필스너
필스너
필스너
필스너
필스너
필스너
필스너
필스너
필스너
필스너
필스너
필스너
필스너
필스너
필스너
필스너
필스너
필스너
필스너
필스너
필스너
필스너
필스너
필스너
필스너
필스너
필스너
필스너
필스너
필스너
필스너
필스너
필스너
필스너
필스너
필스너
필스너
필스너
필스너
필스너
필스너
필스너
필스너
필스너
필스너
필스너
필스너
필스너
필스너
필스너
필스너
필스너
필스너
필스너
필스너
필스너
필스너
필스너
필스너
필스너
필스너
필스너
필스너
필스너
필스너
필스너
필스너
필스너
필스너
필스너
필스너
필스너
필스너
필스너
필스너
필스너
필스너
필스너
필스너
필스너
필스너
필스너
필스너
필스너
필스너
필스너
필스너
필스너
필스너
필스너
필스너
필스너
필스너
필스너
필스너
필스너
필스너
필스너
필스너
필스너
필스너
필스너
필스너
필스너
필스너
필스너
필스너
필스너
필스너
필스너
필스너
필스너
필스너
필스너
필스너
필스너
필스너
필스너
필스너
필스너
필스너
필스너
필스너
필스너
필스너
필스너
필스너
필스너
필스너
필스너
필스너
필스너
필스너
필스너
필스너
필스너
필스너
필스너
필스너
필스너
필스너
필스너
필스너
필스너
필스너
필스너
필스너
필스너
필스너
필스너
필스너
필스너
필스너
필스너
필스너
필스너
필스너
필스너
필스너
필스너
필스너
필스너
필스너
필스너
필스너
필스너
필스너
필스너
필스너
필스너
필스너
필스너
필스너
필스너
필스너
필스너
필스너
필스너
필스너
필스너
필스너
필스너
필스너
필스너
필스너
필스너
필스너
필스너
필스너
필스너
필스너
필스너
필스너
필스너
필스너
필스너
필스너
필스너
필스너
필스너
필스너
필스너
필스너
필스너
필스너
필스너
필스너
필스너
필스너
필스너
필스너
필스너
필스너
필스너
필스너
필스너
필스너
필스너
필스너
필스너
필스너
필스너
필스너
필스너
필스너
필스너
필스너
필스너
필스너
필스너
필스너
필스너
필스너
필스너
필스너
필스너
필스너
필스너
필스너
필스너
필스너
필스너
필스너
필스너
필스너
필스너
필스너
필스너
필스너
필스너
필스너
필스너
필스너
필스너
필스너
필스너
필스너
필스너
필스너
필스너
필스너
필스너
필스너
필스너
필스너
필스너
필스너
필스너
필스너
필스너
필스너
필스너
필스너
필스너
필스너
필스너
필스너
필스너
필스너
필스너
필스너
필스너
필스너
필스너
필스너
필스너
필스너
필스너
필스너
필스너
필스너
필스너
필스너
필스너
필스너
필스너
필스너
필스너
필스너
필스너
필스너
필스너
필스너
필스너
필스너
필스너
필스너
필스너
필스너
필스너
필스너
필스너
필스너
필스너
필스너
필스너
필스너
필스너
필스너
필스너
필스너
필스너
필스너
필스너
필스너
필스너
필스너
필스너
필스너
필스너
필스너
필스너
필스너
필스너
필스너
필스너
필스너
필스너
필스너
필스너
필스너
필스너
필스너
필스너
필스너
필스너
필스너
필스너
필스너
필스너
필스너
필스너
필스너
필스너
필스너
필스너
필스너
필스너
필스너
필스너
필스너
필스너
필스너
필스너
필스너
필스너
필스너
필스너
필스너
필스너
필스너
필스너
필스너
필스너
필스너
필스너
필스너
필스너
필스너
필스너
필스너
필스너
필스너
필스너
필스너
필스너
필스너
필스너
필스너
필스너
필스너
필스너
필스너
필스너
필스너
필스너
필스너
필스너
필스너
필스너
필스너
필스너
필스너
필스너
필스너
필스너
필스너
필스너
필스너
필스너
필스너
필스너
필스너
필스너
필스너
필스너
필스너
필스너
필스너
필스너
필스너
필스너
필스너
필스너
필스너
필스너
필스너
필스너
필스너
필스너
필스너
필스너
필스너
필스너
필스너
필스너
필스너
필스너
필스너
필스너
필스너
필스너
필스너
필스너
필스너
필스너
필스너
필스너
필스너
필스너
필스너
필스너
필스너
필스너
필스너
필스너
필스너
필스너
필스너
필스너
필스너
필스너
필스너
필스너
필스너
필스너
필스너
필스너
필스너
필스너
필스너
필스너
필스너
필스너
필스너
필스너
필스너
필스너
필스너
필스너
필스너
필스너
필스너
필스너
필스너
필스너
필스너
필스너
필스너
필스너
필스너
필스너
필스너
필스너
필스너
필스너
필스너
필스너
필스너
필스너
필스너
필스너
필스너
필스너
필스너
필스너
필스너
필스너
필스너
필스너
필스너
필스너
필스너
필스너
필스너
필스너
필스너
필스너
필스너
필스너
필스너
필스너
필스너
필스너
필스너
필스너
필스너
필스너
필스너
필스너
필스너
필스너
필스너
필스너
필스너
필스너
필스너
필스너
필스너
필스너
필스너
필스너
필스너
필스너
필스너
필스너
필스너
필스너
필스너
필스너
필스너
필스너
필스너
필스너
필스너
필스너
필스너
필스너
필스너
필스너
필스너
필스너
필스너
필스너
필스너
필스너
필스너
필스너
필스너
필스너
필스너
필스너
필스너
필스너
필스너
필스너
필스너
필스너
필스너
필스너
필스너
필스너
필스너
필스너
필스너
필스너
필스너
필스너
필스너
필스너
필스너
필스너
필스너
필스너
필스너
필스너
필스너
필스너
필스너
필스너
필스너
필스너
필스너
필스너
필스너
필스너
필스너
필스너
필스너
필스너
필스너
필스너
필스너
필스너
필스너
필스너
필스너
필스너
필스너
필스너
필스너
필스너
필스너
필스너
필스너
필스너
필스너
필스너
필스너
필스너
필스너
필스너
필스너
필스너
필스너
필스너
필스너
필스너
필스너
필스너
필스너
필스너
필스너
필스너
필스너
필스너
필스너
필스너
필스너
필스너
필스너
필스너
필스너
필스너
필스너
필스너
필스너
필스너
필스너
필스너
필스너
필스너
필스너
필스너
필스너
필스너
필스너
필스너
필스너
필스너
필스너
필스너
필스너
필스너
필스너
필스너
필스너
필스너
필스너
필스너
필스너
필스너
필스너
필스너
필스너
필스너
필스너
필스너
필스너
필스너
필스너
필스너
필스너
필스너
필스너
필스너
필스너
필스너
필스너
필스너
필스너
필스너
필스너
필스너
필스너
필스너
필스너
필스너
필스너
필스너
필스너
필스너
필스너
필스너
필스너
필스너
필스너
필스너
필스너
필스너
필스너
필스너
필스너
필스너
필스너
필스너
필스너
필스너
필스너
필스너
필스너
필스너
필스너
필스너
필스너
필스너
필스너
필스너
필스너
필스너
필스너
필스너
필스너
필스너
필스너
필스너
필스너
필스너
필스너
필스너
필스너
필스너
필스너
필스너
필스너
필스너
필스너
필스너
필스너
필스너
필스너
필스너
필스너
필스너
필스너
필스너
필스너
필스너
필스너
필스너
필스너
필스너
필스너
필스너
필스너
필스너
필스너
필스너
필스너
필스너
필스너
필스너
필스너
필스너
필스너
필스너
필스너
필스너
필스너
필스너
필스너
필스너
필스너
필스너
필스너
필스너
필스너
필스너
필스너
필스너
필스너
필스너
필스너
필스너
필스너
필스너
필스너
필스너
필스너
필스너
필스너
필스너
필스너
필스너
필스너
필스너
필스너
필스너
필스너
필스너
필스너
필스너
필스너
필스너
필스너
필스너
필스너
필스너
필스너
필스너
필스너
필스너
필스너
필스너
필스너
필스너
필스너
필스너
필스너
필스너
필스너
필스너
필스너
필스너
필스너
필스너
필스너
필스너
필스너
필스너
필스너
필스너
필스너
필스너
필스너
필스너
필스너
필스너
필스너
필스너
필스너
필스너
필스너
필스너
필스너
필스너
필스너
필스너
필스너
필스너
필스너
필스너
필스너
필스너
필스너
필스너
필스너
필스너
필스너
필스너
필스너
필스너
필스너
필스너
필스너
필스너
필스너
필스너
필스너
필스너
필스너
필스너
필스너
필스너
필스너
필스너
필스너
필스너
필스너
필스너
필스너
필스너
필스너
필스너
필스너
필스너
필스너
필스너
필스너
필스너
필스너
필스너
필스너
필스너
필스너
필스너
필스너
필스너
필스너
필스너
필스너
필스너
필스너
필스너
필스너
필스너
필스너
필스너
필스너
필스너
필스너
필스너
필스너
필스너
필스너
필스너
필스너
필스너
필스너
필스너
필스너
필스너
필스너
필스너
필스너
필스너
필스너
필스너
필스너
필스너
필스너
필스너
필스너
필스너
필스너
필스너
필스너
필스너
필스너
필스너
필스너
필스너
필스너
필스너
필스너
필스너
필스너
필스너
필스너
필스너
필스너
필스너
필스너
필스너
필스너
필스너
필스너
필스너
필스너
필스너
필스너
필스너
필스너
필스너
필스너
필스너
필스너
필스너
필스너
필스너
필스너
필스너
필스너
필스너
필스너
필스너
필스너
필스너
필스너
필스너
필스너
필스너
필스너
필스너
필스너
필스너
필스너
필스너
필스너
필스너
필스너
필스너
필스너
필스너
필스너
필스너
필스너
필스너
필스너
필스너
필스너
필스너
필스너
필스너
필스너
필스너
필스너
필스너
필스너
필스너
필스너
필스너
필스너
필스너
필스너
필스너
필스너
필스너
필스너
필스너
필스너
필스너
필스너
필스너
필스너
필스너
필스너
필스너
필스너
필스너
필스너
필스너
필스너
필스너
필스너
필스너
필스너
필스너
필스너
필스너
필스너
필스너
필스너
필스너
필스너
필스너
필스너
필스너
필스너
필스너
필스너
필스너
필스너
필스너
필스너
필스너
필스너
필스너
필스너
필스너
필스너
필스너
필스너
필스너
필스너
필스너
필스너
필스너
필스너
필스너
필스너
필스너
필스너
필스너
필스너
필스너
하이네켄
하이네켄
하이네켄
하이네켄
하이네켄
하이네켄
하이네켄
하이네켄
하이네켄
하이네켄
하이네켄
하이네켄
하이네켄
하이네켄
하이네켄
하이네켄
하이네켄
하이네켄
하이네켄
하이네켄
하이네켄
하이네켄
하이네켄
하이네켄
하이네켄
하이네켄
하이네켄
하이네켄
하이네켄
하이네켄
하이네켄
하이네켄
하이네켄
하이네켄
하이네켄
하이네켄
하이네켄
하이네켄
하이네켄
하이네켄
하이네켄
하이네켄
하이네켄
하이네켄
하이네켄
하이네켄
하이네켄
하이네켄
하이네켄
하이네켄
하이네켄
하이네켄
하이네켄
하이네켄
하이네켄
하이네켄
하이네켄
하이네켄
하이네켄
하이네켄
하이네켄
하이네켄
하이네켄
하이네켄
하이네켄
하이네켄
하이네켄
하이네켄
하이네켄
하이네켄
하이네켄
하이네켄
하이네켄
하이네켄
하이네켄
하이네켄
하이네켄
하이네켄
하이네켄
하이네켄
하이네켄
하이네켄
하이네켄
하이네켄
하이네켄
하이네켄
하이네켄
하이네켄
하이네켄
하이네켄
하이네켄
하이네켄
하이네켄
하이네켄
하이네켄
하이네켄
하이네켄
하이네켄
하이네켄
하이네켄
하이네켄
하이네켄
하이네켄
하이네켄
하이네켄
하이네켄
하이네켄
하이네켄
하이네켄
하이네켄
하이네켄
하이네켄
하이네켄
하이네켄
하이네켄
하이네켄
하이네켄
하이네켄
하이네켄
하이네켄
하이네켄
하이네켄
하이네켄
하이네켄
하이네켄
하이네켄
하이네켄
하이네켄
하이네켄
하이네켄
하이네켄
하이네켄
하이네켄
하이네켄
하이네켄
하이네켄
하이네켄
하이네켄
하이네켄
하이네켄
하이네켄
하이네켄
하이네켄
하이네켄
하이네켄
하이네켄
하이네켄
하이네켄
하이네켄
하이네켄
하이네켄
하이네켄
하이네켄
하이네켄
하이네켄
하이네켄
하이네켄
하이네켄
하이네켄
하이네켄
하이네켄
하이네켄
하이네켄
하이네켄
하이네켄
하이네켄
하이네켄
하이네켄
하이네켄
하이네켄
하이네켄
하이네켄
하이네켄
하이네켄
하이네켄
하이네켄
하이네켄
하이네켄
하이네켄
하이네켄
하이네켄
하이네켄
하이네켄
하이네켄
하이네켄
하이네켄
하이네켄
하이네켄
하이네켄
하이네켄
하이네켄
하이네켄
하이네켄
하이네켄
하이네켄
하이네켄
하이네켄
하이네켄
하이네켄
하이네켄
하이네켄
하이네켄
하이네켄
하이네켄
하이네켄
하이네켄
하이네켄
하이네켄
하이네켄
하이네켄
하이네켄
하이네켄
하이네켄
하이네켄
하이네켄
하이네켄
하이네켄
하이네켄
하이네켄
하이네켄
하이네켄
하이네켄
하이네켄
하이네켄
하이네켄
하이네켄
하이네켄
하이네켄
하이네켄
하이네켄
하이네켄
하이네켄
하이네켄
하이네켄
하이네켄
하이네켄
하이네켄
하이네켄
하이네켄
하이네켄
하이네켄
하이네켄
하이네켄
하이네켄
하이네켄
하이네켄
하이네켄
하이네켄
하이네켄
하이네켄
하이네켄
하이네켄
하이네켄
하이네켄
하이네켄
하이네켄
하이네켄
하이네켄
하이네켄
하이네켄
하이네켄
하이네켄
하이네켄
하이네켄
하이네켄
하이네켄
하이네켄
하이네켄
하이네켄
하이네켄
하이네켄
하이네켄
하이네켄
하이네켄
하이네켄
하이네켄
하이네켄
하이네켄
하이네켄
하이네켄
하이네켄
하이네켄
하이네켄
하이네켄
하이네켄
하이네켄
하이네켄
하이네켄
하이네켄
하이네켄
하이네켄
하이네켄
하이네켄
하이네켄
하이네켄
하이네켄
하이네켄
하이네켄
하이네켄
하이네켄
하이네켄
하이네켄
하이네켄
하이네켄
하이네켄
하이네켄
하이네켄
하이네켄
하이네켄
하이네켄
하이네켄
하이네켄
하이네켄
하이네켄
하이네켄
하이네켄
하이네켄
하이네켄
하이네켄
하이네켄
하이네켄
하이네켄
하이네켄
하이네켄
하이네켄
하이네켄
하이네켄
하이네켄
하이네켄
하이네켄
하이네켄
하이네켄
하이네켄
하이네켄
하이네켄
하이네켄
하이네켄
하이네켄
하이네켄
하이네켄
하이네켄
하이네켄
하이네켄
하이네켄
하이네켄
하이네켄
하이네켄
하이네켄
하이네켄
하이네켄
하이네켄
하이네켄
하이네켄
하이네켄
하이네켄
하이네켄
하이네켄
하이네켄
하이네켄
하이네켄
하이네켄
하이네켄
하이네켄
하이네켄
하이네켄
하이네켄
하이네켄
하이네켄
하이네켄
하이네켄
하이네켄
하이네켄
하이네켄
하이네켄
하이네켄
하이네켄
하이네켄
하이네켄
하이네켄
하이네켄
하이네켄
하이네켄
하이네켄
하이네켄
하이네켄
하이네켄
하이네켄
하이네켄
하이네켄
하이네켄
하이네켄
하이네켄
하이네켄
하이네켄
하이네켄
하이네켄
하이네켄
하이네켄
하이네켄
하이네켄
하이네켄
하이네켄
하이네켄
하이네켄
하이네켄
하이네켄
하이네켄
하이네켄
하이네켄
하이네켄
하이네켄
하이네켄
하이네켄
하이네켄
하이네켄
하이네켄
하이네켄
하이네켄
하이네켄
하이네켄
하이네켄
하이네켄
하이네켄
하이네켄
하이네켄
하이네켄
하이네켄
하이네켄
하이네켄
하이네켄
하이네켄
하이네켄
하이네켄
하이네켄
하이네켄
하이네켄
하이네켄
하이네켄
하이네켄
하이네켄
하이네켄
하이네켄
하이네켄
하이네켄
하이네켄
하이네켄
하이네켄
하이네켄
하이네켄
하이네켄
하이네켄
하이네켄
하이네켄
하이네켄
하이네켄
하이네켄
하이네켄
하이네켄
하이네켄
하이네켄
하이네켄
하이네켄
하이네켄
하이네켄
하이네켄
하이네켄
하이네켄
하이네켄
하이네켄
하이네켄
하이네켄
하이네켄
하이네켄
하이네켄
하이네켄
하이네켄
하이네켄
하이네켄
하이네켄
하이네켄
하이네켄
하이네켄
하이네켄
하이네켄
하이네켄
하이네켄
하이네켄
하이네켄
하이네켄
하이네켄
하이네켄
하이네켄
하이네켄
하이네켄
하이네켄
하이네켄
하이네켄
하이네켄
하이네켄
하이네켄
하이네켄
하이네켄
하이네켄
하이네켄
하이네켄
하이네켄
하이네켄
하이네켄
하이네켄
하이네켄
하이네켄
하이네켄
하이네켄
하이네켄
하이네켄
하이네켄
하이네켄
하이네켄
하이네켄
하이네켄
하이네켄
하이네켄
하이네켄
하이네켄
하이네켄
하이네켄
하이네켄
하이네켄
하이네켄
하이네켄
하이네켄
하이네켄
하이네켄
하이네켄
하이네켄
하이네켄
하이네켄
하이네켄
하이네켄
하이네켄
하이네켄
하이네켄
하이네켄
하이네켄
하이네켄
하이네켄
하이네켄
하이네켄
하이네켄
하이네켄
하이네켄
하이네켄
하이네켄
하이네켄
하이네켄
하이네켄
하이네켄
하이네켄
하이네켄
하이네켄
하이네켄
하이네켄
하이네켄
하이네켄
하이네켄
하이네켄
하이네켄
하이네켄
하이네켄
하이네켄
하이네켄
하이네켄
하이네켄
하이네켄
하이네켄
하이네켄
하이네켄
하이네켄
하이네켄
하이네켄
하이네켄
하이네켄
하이네켄
하이네켄
하이네켄
하이네켄
하이네켄
하이네켄
하이네켄
하이네켄
하이네켄
하이네켄
하이네켄
하이네켄
하이네켄
하이네켄
하이네켄
하이네켄
하이네켄
하이네켄
하이네켄
하이네켄
하이네켄
하이네켄
하이네켄
하이네켄
하이네켄
하이네켄
하이네켄
하이네켄
하이네켄
하이네켄
하이네켄
하이네켄
하이네켄
하이네켄
하이네켄
하이네켄
하이네켄
하이네켄
하이네켄
하이네켄
하이네켄
하이네켄
하이네켄
하이네켄
하이네켄
하이네켄
하이네켄
하이네켄
하이네켄
하이네켄
하이네켄
하이네켄
하이네켄
하이네켄
하이네켄
하이네켄
하이네켄
하이네켄
하이네켄
하이네켄
하이네켄
하이네켄
하이네켄
하이네켄
하이네켄
하이네켄
하이네켄
하이네켄
하이네켄
하이네켄
하이네켄
하이네켄
하이네켄
하이네켄
하이네켄
하이네켄
하이네켄
하이네켄
하이네켄
하이네켄
하이네켄
하이네켄
하이네켄
하이네켄
하이네켄
하이네켄
하이네켄
하이네켄
하이네켄
하이네켄
하이네켄
하이네켄
하이네켄
하이네켄
하이네켄
하이네켄
하이네켄
하이네켄
하이네켄
하이네켄
하이네켄
하이네켄
하이네켄
하이네켄
하이네켄
하이네켄
하이네켄
하이네켄
하이네켄
하이네켄
하이네켄
하이네켄
하이네켄
하이네켄
하이네켄
하이네켄
하이네켄
하이네켄
하이네켄
하이네켄
하이네켄
하이네켄
하이네켄
하이네켄
하이네켄
하이네켄
하이네켄
하이네켄
하이네켄
하이네켄
하이네켄
하이네켄
하이네켄
하이네켄
하이네켄
하이네켄
하이네켄
하이네켄
하이네켄
하이네켄
하이네켄
하이네켄
하이네켄
하이네켄
하이네켄
하이네켄
하이네켄
하이네켄
하이네켄
하이네켄
하이네켄
하이네켄
하이네켄
하이네켄
하이네켄
하이네켄
하이네켄
하이네켄
하이네켄
하이네켄
하이네켄
하이네켄
하이네켄
하이네켄
하이네켄
하이네켄
하이네켄
하이네켄
하이네켄
하이네켄
하이네켄
하이네켄
하이네켄
하이네켄
하이네켄
하이네켄
하이네켄
하이네켄
하이네켄
하이네켄
하이네켄
하이네켄
하이네켄
하이네켄
하이네켄
하이네켄
하이네켄
하이네켄
하이네켄
하이네켄
하이네켄
하이네켄
하이네켄
하이네켄
하이네켄
하이네켄
하이네켄
하이네켄
하이네켄
하이네켄
하이네켄
하이네켄
하이네켄
하이네켄
하이네켄
하이네켄
하이네켄
하이네켄
하이네켄
하이네켄
하이네켄
하이네켄
하이네켄
하이네켄
하이네켄
하이네켄
하이네켄
하이네켄
하이네켄
하이네켄
하이네켄
하이네켄
하이네켄
하이네켄
하이네켄
하이네켄
하이네켄
하이네켄
하이네켄
하이네켄
하이네켄
하이네켄
하이네켄
하이네켄
하이네켄
하이네켄
하이네켄
하이네켄
하이네켄
하이네켄
하이네켄
하이네켄
하이네켄
하이네켄
하이네켄
하이네켄
하이네켄
하이네켄
하이네켄
하이네켄
하이네켄
하이네켄
하이네켄
하이네켄
하이네켄
하이네켄
하이네켄
하이네켄
하이네켄
하이네켄
하이네켄
하이네켄
하이네켄
하이네켄
하이네켄
하이네켄
하이네켄
하이네켄
하이네켄
하이네켄
하이네켄
하이네켄
하이네켄
하이네켄
하이네켄
하이네켄
하이네켄
하이네켄
하이네켄
하이네켄
하이네켄
하이네켄
하이네켄
하이네켄
하이네켄
하이네켄
하이네켄
하이네켄
하이네켄
하이네켄
하이네켄
하이네켄
하이네켄
하이네켄
하이네켄
하이네켄
하이네켄
하이네켄
하이네켄
하이네켄
하이네켄
하이네켄
하이네켄
하이네켄
하이네켄
하이네켄
하이네켄
하이네켄
하이네켄
하이네켄
하이네켄
하이네켄
하이네켄
하이네켄
하이네켄
하이네켄
하이네켄
하이네켄
하이네켄
하이네켄
하이네켄
하이네켄
하이네켄
하이네켄
하이네켄
하이네켄
하이네켄
하이네켄
하이네켄
하이네켄
하이네켄
하이네켄
하이네켄
하이네켄
하이네켄
하이네켄
하이네켄
하이네켄
하이네켄
하이네켄
하이네켄
하이네켄
하이네켄
하이네켄
하이네켄
하이네켄
하이네켄
하이네켄
하이네켄
하이네켄
하이네켄
하이네켄
하이네켄
하이네켄
하이네켄
하이네켄
하이네켄
하이네켄
하이네켄
하이네켄
하이네켄
하이네켄
하이네켄
하이네켄
하이네켄
하이네켄
하이네켄
하이네켄
하이네켄
하이네켄
하이네켄
하이네켄
하이네켄
하이네켄
하이네켄
하이네켄
하이네켄
하이네켄
하이네켄
하이네켄
하이네켄
하이네켄
하이네켄
하이네켄
하이네켄
하이네켄
하이네켄
하이네켄
하이네켄
하이네켄
하이네켄
하이네켄
하이네켄
하이네켄
하이네켄
하이네켄
하이네켄
하이네켄
하이네켄
하이네켄
하이네켄
하이네켄
하이네켄
하이네켄
하이네켄
하이네켄
하이네켄
하이네켄
하이네켄
하이네켄
하이네켄
하이네켄
하이네켄
하이네켄
하이네켄
하이네켄
하이네켄
하이네켄
하이네켄
하이네켄
하이네켄
하이네켄
하이네켄
하이네켄
하이네켄
하이네켄
하이네켄
하이네켄
하이네켄
하이네켄
하이네켄
하이네켄
하이네켄
하이네켄
하이네켄
하이네켄
하이네켄
하이네켄
하이네켄
하이네켄
하이네켄
하이네켄
하이네켄
하이네켄
하이네켄
하이네켄
하이네켄
하이네켄
하이네켄
하이네켄
하이네켄
하이네켄
하이네켄
하이네켄
하이네켄
하이네켄
하이네켄
하이네켄
하이네켄
하이네켄
하이네켄
하이네켄
하이네켄
하이네켄
하이네켄
하이네켄
하이네켄
하이네켄
하이네켄
하이네켄
하이네켄
하이네켄
하이네켄
하이네켄
하이네켄
하이네켄
하이네켄
하이네켄
하이네켄
하이네켄
하이네켄
하이네켄
하이네켄
하이네켄
하이네켄
하이네켄
하이네켄
하이네켄
하이네켄
하이네켄
하이네켄
하이네켄
하이네켄
하이네켄
하이네켄
하이네켄
하이네켄
하이네켄
하이네켄
하이네켄
하이네켄
하이네켄
하이네켄
하이네켄
하이네켄
하이네켄
하이네켄
하이네켄
하이네켄
하이네켄
하이네켄
하이네켄
하이네켄
하이네켄
하이네켄
하이네켄
하이네켄
하이네켄
하이네켄
하이네켄
하이네켄
하이네켄
하이네켄
하이네켄
하이네켄
하이네켄
하이네켄
하이네켄
하이네켄
하이네켄
하이네켄
하이네켄
하이네켄
하이네켄
하이네켄
하이네켄
하이네켄
하이네켄
하이네켄
하이네켄
하이네켄
하이네켄
하이네켄
하이네켄
하이네켄
하이네켄
하이네켄
하이네켄
하이네켄
하이네켄
하이네켄
하이네켄
하이네켄
하이네켄
하이네켄
하이네켄
하이네켄
하이네켄
하이네켄
하이네켄
하이네켄
하이네켄
하이네켄
하이네켄
하이네켄
하이네켄
하이네켄
하이네켄
하이네켄
하이네켄
하이네켄
하이네켄
하이네켄
하이네켄
하이네켄
하이네켄
하이네켄
하이네켄
하이네켄
하이네켄
하이네켄
하이네켄
하이네켄
하이네켄
하이네켄
하이네켄
하이네켄
하이네켄
하이네켄
하이네켄
하이네켄
하이네켄
하이네켄
하이네켄
하이네켄
하이네켄
하이네켄
하이네켄
하이네켄
하이네켄
하이네켄
하이네켄
하이네켄
하이네켄
하이네켄
하이네켄
하이네켄
하이네켄
하이네켄
하이네켄
하이네켄
하이네켄
하이네켄
하이네켄
하이네켄
하이네켄
하이네켄
하이네켄
하이네켄
하이네켄
하이네켄
하이네켄
하이네켄
하이네켄
하이네켄
하이네켄
하이네켄
하이네켄
하이네켄
하이네켄
하이네켄
하이네켄
하이네켄
하이네켄
하이네켄
하이네켄
하이네켄
하이네켄
하이네켄
하이네켄
하이네켄
하이네켄
하이네켄
하이네켄
하이네켄
하이네켄
하이네켄
하이네켄
하이네켄
하이네켄
하이네켄
하이네켄
하이네켄
하이네켄
하이네켄
하이네켄
하이네켄
하이네켄
하이네켄
하이네켄
하이네켄
하이네켄
하이네켄
하이네켄
하이네켄
하이네켄
하이네켄
하이네켄
하이네켄
하이네켄
하이네켄
하이네켄
하이네켄
하이네켄
하이네켄
하이네켄
하이네켄
하이네켄
하이네켄
하이네켄
하이네켄
하이네켄
하이네켄
하이네켄
하이네켄
하이네켄
하이네켄
하이네켄
하이네켄
하이네켄
하이네켄
하이네켄
하이네켄
하이네켄
하이네켄
하이네켄
하이네켄
하이네켄
하이네켄
하이네켄
하이네켄
하이네켄
하이네켄
하이네켄
하이네켄
하이네켄
하이네켄
하이네켄
하이네켄
하이네켄
하이네켄
하이네켄
하이네켄
하이네켄
하이네켄
하이네켄
하이네켄
하이네켄
하이네켄
하이네켄
하이네켄
하이네켄
하이네켄
하이네켄
하이네켄
하이네켄
하이네켄
하이네켄
하이네켄
하이네켄
하이네켄
하이네켄
하이네켄
하이네켄
하이네켄
하이네켄
하이네켄
하이네켄
하이네켄
하이네켄
하이네켄
하이네켄
하이네켄
하이네켄
하이네켄
하이네켄
하이네켄
하이네켄
하이네켄
하이네켄
하이네켄
하이네켄
하이네켄
하이네켄
하이네켄
하이네켄
하이네켄
하이네켄
하이네켄
하이네켄
하이네켄
하이네켄
하이네켄
하이네켄
하이네켄
하이네켄
하이네켄
하이네켄
하이네켄
하이네켄
하이네켄
하이네켄
하이네켄
하이네켄
하이네켄
하이네켄
하이네켄
하이네켄
하이네켄
하이네켄
하이네켄
하이네켄
하이네켄
하이네켄
하이네켄
하이네켄
하이네켄
하이네켄
하이네켄
하이네켄
하이네켄
하이네켄
하이네켄
하이네켄
하이네켄
하이네켄
하이네켄
하이네켄
하이네켄
하이네켄
하이네켄
하이네켄
하이네켄
하이네켄
하이네켄
하이네켄
하이네켄
하이네켄
하이네켄
하이네켄
하이네켄
하이네켄
하이네켄
하이네켄
하이네켄
하이네켄
하이네켄
하이네켄
하이네켄
하이네켄
하이네켄
하이네켄
하이네켄
하이네켄
하이네켄
하이네켄
하이네켄
하이네켄
하이네켄
하이네켄
하이네켄
하이네켄
하이네켄
하이네켄
하이네켄
하이네켄
하이네켄
하이네켄
하이네켄
하이네켄
하이네켄
하이네켄
하이네켄
하이네켄
하이네켄
하이네켄
하이네켄
하이네켄
하이네켄
하이네켄
하이네켄
하이네켄
하이네켄
하이네켄
하이네켄
하이네켄
하이네켄
하이네켄
하이네켄
하이네켄
하이네켄
하이네켄
하이네켄
하이네켄
하이네켄
하이네켄
하이네켄
하이네켄
하이네켄
하이네켄
하이네켄
하이네켄
하이네켄
하이네켄
하이네켄
하이네켄
하이네켄
하이네켄
하이네켄
하이네켄
하이네켄
하이네켄
하이네켄
하이네켄
하이네켄
하이네켄
하이네켄
하이네켄
하이네켄
하이네켄
하이네켄
하이네켄
하이네켄
하이네켄
하이네켄
하이네켄
하이네켄
하이네켄
하이네켄
하이네켄
하이네켄
하이네켄
하이네켄
하이네켄
하이네켄
하이네켄
하이네켄
하이네켄
하이네켄
하이네켄
하이네켄
하이네켄
하이네켄
하이네켄
하이네켄
하이네켄
하이네켄
하이네켄
하이네켄
하이네켄
하이네켄
하이네켄
하이네켄
하이네켄
하이네켄
하이네켄
하이네켄
하이네켄
하이네켄
하이네켄
하이네켄
하이네켄
하이네켄
하이네켄
하이네켄
하이네켄
하이네켄
하이네켄
하이네켄
하이네켄
하이네켄
하이네켄
하이네켄
하이네켄
하이네켄
하이네켄
하이네켄
하이네켄
하이네켄
하이네켄
하이네켄
하이네켄
하이네켄
하이네켄
하이네켄
하이네켄
하이네켄
하이네켄
하이네켄
하이네켄
하이네켄
하이네켄
하이네켄
하이네켄
하이네켄
하이네켄
하이네켄
하이네켄
하이네켄
하이네켄
하이네켄
하이네켄
하이네켄
하이네켄
하이네켄
하이네켄
하이네켄
하이네켄
하이네켄
하이네켄
하이네켄
하이네켄
하이네켄
하이네켄
하이네켄
하이네켄
하이네켄
하이네켄
하이네켄
하이네켄
하이네켄
하이네켄
하이네켄
하이네켄
하이네켄
하이네켄
하이네켄
하이네켄
하이네켄
하이네켄
하이네켄
하이네켄
하이네켄
하이네켄
하이네켄
하이네켄
하이네켄
하이네켄
하이네켄
하이네켄
하이네켄
하이네켄
하이네켄
하이네켄
하이네켄
하이네켄
하이네켄
하이네켄
하이네켄
하이네켄
하이네켄
하이네켄
하이네켄
하이네켄
하이네켄
하이네켄
하이네켄
하이네켄
하이네켄
하이네켄
하이네켄
하이네켄
하이네켄
하이네켄
하이네켄
하이네켄
하이네켄
하이네켄
하이네켄
하이네켄
하이네켄
하이네켄
하이네켄
하이네켄
하이네켄
하이네켄
하이네켄
하이네켄
하이네켄
하이네켄
하이네켄
하이네켄
하이네켄
하이네켄
하이네켄
하이네켄
하이네켄
하이네켄
하이네켄
하이네켄
하이네켄
하이네켄
하이네켄
하이네켄
하이네켄
하이네켄
하이네켄
하이네켄
하이네켄
하이네켄
하이네켄
하이네켄
하이네켄
하이네켄
하이네켄
하이네켄
하이네켄
하이네켄
하이네켄
하이네켄
하이네켄
하이네켄
하이네켄
하이네켄
하이네켄
하이네켄
하이네켄
하이네켄
하이네켄
하이네켄
하이네켄
하이네켄
하이네켄
하이네켄
하이네켄
하이네켄
하이네켄
하이네켄
하이네켄
하이네켄
하이네켄
하이네켄
하이네켄
하이네켄
하이네켄
하이네켄
하이네켄
하이네켄
하이네켄
하이네켄
하이네켄
하이네켄
하이네켄
하이네켄
하이네켄
하이네켄
하이네켄
하이네켄
하이네켄
하이네켄
하이네켄
하이네켄
하이네켄
하이네켄
하이네켄
하이네켄
하이네켄
하이네켄
하이네켄
하이네켄
하이네켄
하이네켄
하이네켄
하이네켄
하이네켄
하이네켄
하이네켄
하이네켄
하이네켄
하이네켄
하이네켄
하이네켄
하이네켄
하이네켄
하이네켄
하이네켄
하이네켄
하이네켄
하이네켄
하이네켄
하이네켄
하이네켄
하이네켄
하이네켄
하이네켄
하이네켄
하이네켄
하이네켄
하이네켄
하이네켄
하이네켄
하이네켄
하이네켄
하이네켄
하이네켄
하이네켄
하이네켄
하이네켄
하이네켄
하이네켄
하이네켄
하이네켄
하이네켄
하이네켄
하이네켄
하이네켄
하이네켄
하이네켄
하이네켄
하이네켄
하이네켄
하이네켄
하이네켄
하이네켄
하이네켄
하이네켄
하이네켄
하이네켄
하이네켄
하이네켄
하이네켄
하이네켄
하이네켄
하이네켄
하이네켄
하이네켄
하이네켄
하이네켄
하이네켄
하이네켄
하이네켄
하이네켄
하이네켄
하이네켄
하이네켄
하이네켄
하이네켄
하이네켄
하이네켄
하이네켄
하이네켄
하이네켄
하이네켄
하이네켄
하이네켄
하이네켄
하이네켄
하이네켄
하이네켄
하이네켄
하이네켄
하이네켄
하이네켄
하이네켄
하이네켄
하이네켄
하이네켄
하이네켄
하이네켄
하이네켄
하이네켄
하이네켄
하이네켄
하이네켄
하이네켄
하이네켄
하이네켄
하이네켄
하이네켄
하이네켄
하이네켄
하이네켄
하이네켄
하이네켄
하이네켄
하이네켄
하이네켄
하이네켄
하이네켄
하이네켄
하이네켄
하이네켄
하이네켄
하이네켄
하이네켄
하이네켄
하이네켄
하이네켄
하이네켄
하이네켄
하이네켄
하이네켄
하이네켄
하이네켄
하이네켄
하이네켄
하이네켄
하이네켄
하이네켄
하이네켄
하이네켄
하이네켄
하이네켄
하이네켄
하이네켄
하이네켄
하이네켄
하이네켄
하이네켄
하이네켄
하이네켄
하이네켄
하이네켄
하이네켄
하이네켄
하이네켄
하이네켄
하이네켄
하이네켄
하이네켄
하이네켄
하이네켄
하이네켄
하이네켄
하이네켄
하이네켄
하이네켄
하이네켄
하이네켄
하이네켄
하이네켄
하이네켄
하이네켄
하이네켄
하이네켄
하이네켄
하이네켄
하이네켄
하이네켄
하이네켄
하이네켄
하이네켄
하이네켄
하이네켄
하이네켄
하이네켄
하이네켄
하이네켄
하이네켄
하이네켄
하이네켄
하이네켄
하이네켄
하이네켄
하이네켄
하이네켄
하이네켄
하이네켄
하이네켄
하이네켄
하이네켄
하이네켄
하이네켄
하이네켄
하이네켄
하이네켄
하이네켄
하이네켄
하이네켄
하이네켄
하이네켄
하이네켄
하이네켄
하이네켄
하이네켄
하이네켄
하이네켄
하이네켄
하이네켄
하이네켄
하이네켄
하이네켄
하이네켄
하이네켄
하이네켄
하이네켄
하이네켄
하이네켄
하이네켄
하이네켄
하이네켄
하이네켄
하이네켄
하이네켄
하이네켄
하이네켄
하이네켄
하이네켄
하이네켄
하이네켄
하이네켄
하이네켄
하이네켄
하이네켄
하이네켄
하이네켄
하이네켄
하이네켄
하이네켄
하이네켄
하이네켄
하이네켄
하이네켄
하이네켄
하이네켄
하이네켄
하이네켄
하이네켄
하이네켄
하이네켄
하이네켄
하이네켄
하이네켄
하이네켄
하이네켄
하이네켄
하이네켄
하이네켄
하이네켄
하이네켄
하이네켄
하이네켄
하이네켄
하이네켄
하이네켄
하이네켄
하이네켄
하이네켄
하이네켄
하이네켄
하이네켄
하이네켄
하이네켄
하이네켄
하이네켄
하이네켄
하이네켄
하이네켄
하이네켄
하이네켄
하이네켄
하이네켄
하이네켄
하이네켄
하이네켄
하이네켄
하이네켄
하이네켄
하이네켄
하이네켄
하이네켄
하이네켄
하이네켄
하이네켄
하이네켄
하이네켄
하이네켄
하이네켄
하이네켄
하이네켄
하이네켄
하이네켄
하이네켄
하이네켄
하이네켄
하이네켄
하이네켄
하이네켄
하이네켄
하이네켄
하이네켄
하이네켄
하이네켄
하이네켄
하이네켄
하이네켄
하이네켄
하이네켄
하이네켄
하이네켄
하이네켄
하이네켄
하이네켄
하이네켄
하이네켄
하이네켄
하이네켄
하이네켄
하이네켄
하이네켄
하이네켄
하이네켄
하이네켄
하이네켄
하이네켄
하이네켄
하이네켄
하이네켄
하이네켄
하이네켄
하이네켄
하이네켄
하이네켄
하이네켄
하이네켄
하이네켄
하이네켄
하이네켄
하이네켄
하이네켄
하이네켄
하이네켄
하이네켄
하이네켄
하이네켄
하이네켄
하이네켄
하이네켄
하이네켄
하이네켄
하이네켄
하이네켄
하이네켄
하이네켄
하이네켄
하이네켄
하이네켄
하이네켄
하이네켄
하이네켄
하이네켄
하이네켄
하이네켄
하이네켄
하이네켄
하이네켄
하이네켄
하이네켄
하이네켄
하이네켄
하이네켄
하이네켄
하이네켄
하이네켄
하이네켄
하이네켄
하이네켄
하이네켄
하이네켄
하이네켄
하이네켄
하이네켄
하이네켄
하이네켄
하이네켄
하이네켄
하이네켄
하이네켄
하이네켄
하이네켄
하이네켄
하이네켄
하이네켄
하이네켄
하이네켄
하이네켄
하이네켄
하이네켄
하이네켄
하이네켄
하이네켄
하이네켄
하이네켄
하이네켄
하이네켄
하이네켄
하이네켄
하이네켄
하이네켄
하이네켄
하이네켄
하이네켄
하이네켄
하이네켄
하이네켄
하이네켄
하이네켄
하이네켄
하이네켄
하이네켄
하이네켄
하이네켄
하이네켄
하이네켄
하이네켄
하이네켄
하이네켄
하이네켄
하이네켄
하이네켄
하이네켄
하이네켄
하이네켄
하이네켄
하이네켄
하이네켄
하이네켄
하이네켄
하이네켄
하이네켄
하이네켄
하이네켄
하이네켄
하이네켄
하이네켄
하이네켄
하이네켄
하이네켄
하이네켄
하이네켄
하이네켄
하이네켄
하이네켄
하이네켄
하이네켄
하이네켄
하이네켄
하이네켄
하이네켄
하이네켄
하이네켄
하이네켄
하이네켄
하이네켄
하이네켄
하이네켄
하이네켄
하이네켄
하이네켄
하이네켄
하이네켄
하이네켄
하이네켄
하이네켄
하이네켄
하이네켄
하이네켄
하이네켄
하이네켄
하이네켄
하이네켄
하이네켄
하이네켄
하이네켄
하이네켄
하이네켄
하이네켄
하이네켄
하이네켄
하이네켄
하이네켄
하이네켄
하이네켄
하이네켄
하이네켄
하이네켄
하이네켄
하이네켄
하이네켄
하이네켄
하이네켄
하이네켄
하이네켄
하이네켄
하이네켄
하이네켄
하이네켄
하이네켄
하이네켄
하이네켄
하이네켄
하이네켄
하이네켄
하이네켄
하이네켄
하이네켄
하이네켄
하이네켄
하이네켄
하이네켄
하이네켄
하이네켄
하이네켄
하이네켄
하이네켄
하이네켄
하이네켄
하이네켄
하이네켄
하이네켄
하이네켄
하이네켄
하이네켄
하이네켄
하이네켄
하이네켄
하이네켄
하이네켄
하이네켄
하이네켄
하이네켄
하이네켄
하이네켄
하이네켄
하이네켄
하이네켄
하이네켄
하이네켄
하이네켄
하이네켄
하이네켄
하이네켄
하이네켄
하이네켄
하이네켄
하이네켄
하이네켄
하이네켄
하이네켄
하이네켄
하이네켄
하이네켄
하이네켄
하이네켄
하이네켄
하이네켄
하이네켄
하이네켄
하이네켄
하이네켄
하이네켄
하이네켄
하이네켄
하이네켄
하이네켄
하이네켄
하이네켄
하이네켄
하이네켄
하이네켄
하이네켄
하이네켄
하이네켄
하이네켄
하이네켄
하이네켄
하이네켄
하이네켄
하이네켄
하이네켄
하이네켄
하이네켄
하이네켄
하이네켄
하이네켄
하이네켄
하이네켄
하이네켄
하이네켄
하이네켄
하이네켄
하이네켄
하이네켄
하이네켄
하이네켄
하이네켄
하이네켄
하이네켄
하이네켄
하이네켄
하이네켄
하이네켄
하이네켄
하이네켄
하이네켄
하이네켄
하이네켄
하이네켄
하이네켄
하이네켄
하이네켄
하이네켄
하이네켄
하이네켄
하이네켄
하이네켄
하이네켄
하이네켄
하이네켄
하이네켄
하이네켄
하이네켄
하이네켄
하이네켄
하이네켄
하이네켄
하이네켄
하이네켄
하이네켄
하이네켄
하이네켄
하이네켄
하이네켄
하이네켄
하이네켄
하이네켄
하이네켄
하이네켄
하이네켄
하이네켄
하이네켄
하이네켄
하이네켄
하이네켄
하이네켄
하이네켄
하이네켄
하이네켄
하이네켄
하이네켄
하이네켄
하이네켄
하이네켄
하이네켄
하이네켄
하이네켄
하이네켄
하이네켄
하이네켄
하이네켄
하이네켄
하이네켄
하이네켄
하이네켄
하이네켄
하이네켄
하이네켄
하이네켄
하이네켄
하이네켄
하이네켄
하이네켄
하이네켄
하이네켄
하이네켄
하이네켄
하이네켄
하이네켄
하이네켄
하이네켄
하이네켄
하이네켄
하이네켄
하이네켄
하이네켄
하이네켄
하이네켄
하이네켄
하이네켄
하이네켄
하이네켄
하이네켄
하이네켄
하이네켄
하이네켄
하이네켄
하이네켄
하이네켄
하이네켄
하이네켄
하이네켄
하이네켄
하이네켄
하이네켄
하이네켄
하이네켄
하이네켄
하이네켄
하이네켄
하이네켄
하이네켄
하이네켄
하이네켄
하이네켄
하이네켄
하이네켄
하이네켄
하이네켄
하이네켄
하이네켄
하이네켄
하이네켄
하이네켄
하이네켄
하이네켄
하이네켄
하이네켄
하이네켄
하이네켄
하이네켄
하이네켄
하이네켄
하이네켄
하이네켄
하이네켄
하이네켄
하이네켄
하이네켄
하이네켄
하이네켄
하이네켄
하이네켄
하이네켄
하이네켄
하이네켄
하이네켄
하이네켄
하이네켄
하이네켄
하이네켄
하이네켄
하이네켄
하이네켄
하이네켄
하이네켄
하이네켄
하이네켄
하이네켄
하이네켄
하이네켄
하이네켄
하이네켄
하이네켄
하이네켄
하이네켄
하이네켄
하이네켄
하이네켄
하이네켄
하이네켄
하이네켄
하이네켄
하이네켄
하이네켄
하이네켄
하이네켄
하이네켄
하이네켄
하이네켄
하이네켄
하이네켄
하이네켄
하이네켄
하이네켄
하이네켄
하이네켄
하이네켄
하이네켄
하이네켄
하이네켄
하이네켄
하이네켄
하이네켄
하이네켄
하이네켄
하이네켄
하이네켄
하이네켄
하이네켄
하이네켄
하이네켄
하이네켄
하이네켄
하이네켄
하이네켄
하이네켄
하이네켄
하이네켄
하이네켄
하이네켄
하이네켄
하이네켄
하이네켄
하이네켄
하이네켄
하이네켄
하이네켄
하이네켄
하이네켄
하이네켄
하이네켄
하이네켄
하이네켄
하이네켄
하이네켄
하이네켄
하이네켄
하이네켄
하이네켄
하이네켄
하이네켄
하이네켄
하이네켄
하이네켄
하이네켄
하이네켄
하이네켄
하이네켄
하이네켄
하이네켄
하이네켄
하이네켄
하이네켄
하이네켄
하이네켄
하이네켄
하이네켄
하이네켄
하이네켄
하이네켄
하이네켄
하이네켄
하이네켄
하이네켄
하이네켄
하이네켄
하이네켄
하이네켄
하이네켄
하이네켄
하이네켄
하이네켄
하이네켄
하이네켄
하이네켄
하이네켄
하이네켄
하이네켄
하이네켄
하이네켄
하이네켄
하이네켄
하이네켄
하이네켄
하이네켄
하이네켄
하이네켄
하이네켄
하이네켄
하이네켄
하이네켄
하이네켄
하이네켄
하이네켄
하이네켄
하이네켄
하이네켄
하이네켄
하이네켄
하이네켄
하이네켄
하이네켄
하이네켄
하이네켄
하이네켄
하이네켄
하이네켄
하이네켄
하이네켄
하이네켄
하이네켄
하이네켄
하이네켄
하이네켄
하이네켄
하이네켄
하이네켄
하이네켄
하이네켄
하이네켄
하이네켄
하이네켄
하이네켄
하이네켄
하이네켄
하이네켄
하이네켄
하이네켄
하이네켄
하이네켄
하이네켄
하이네켄
하이네켄
하이네켄
하이네켄
하이네켄
하이네켄
하이네켄
하이네켄
하이네켄
하이네켄
하이네켄
하이네켄
하이네켄
하이네켄
하이네켄
하이네켄
하이네켄
하이네켄
하이네켄
하이네켄
하이네켄
하이네켄
하이네켄
하이네켄
하이네켄
하이네켄
하이네켄
하이네켄
하이네켄
하이네켄
하이네켄
하이네켄
하이네켄
하이네켄
하이네켄
하이네켄
하이네켄
하이네켄
하이네켄
하이네켄
하이네켄
하이네켄
하이네켄
하이네켄
하이네켄
하이네켄
하이네켄
하이네켄
하이네켄
하이네켄
하이네켄
하이네켄
하이네켄
하이네켄
하이네켄
하이네켄
하이네켄
하이네켄
하이네켄
하이네켄
하이네켄
하이네켄
하이네켄
하이네켄
하이네켄
하이네켄
하이네켄
하이네켄
하이네켄
하이네켄
하이네켄
하이네켄
하이네켄
하이네켄
하이네켄
하이네켄
하이네켄
하이네켄
하이네켄
하이네켄
하이네켄
하이네켄
하이네켄
하이네켄
하이네켄
하이네켄
하이네켄
하이네켄
하이네켄
하이네켄
하이네켄
하이네켄
하이네켄
하이네켄
하이네켄
하이네켄
하이네켄
하이네켄
하이네켄
하이네켄
하이네켄
하이네켄
하이네켄
하이네켄
하이네켄
하이네켄
하이네켄
하이네켄
하이네켄
하이네켄
하이네켄
하이네켄
하이네켄
하이네켄
하이네켄
하이네켄
하이네켄
하이네켄
하이네켄
하이네켄
하이네켄
하이네켄
하이네켄
하이네켄
하이네켄
하이네켄
하이네켄
하이네켄
하이네켄
하이네켄
하이네켄
하이네켄
하이네켄
하이네켄
하이네켄
하이네켄
하이네켄
하이네켄
하이네켄
하이네켄
하이네켄
하이네켄
하이네켄
하이네켄
하이네켄
하이네켄
하이네켄
하이네켄
하이네켄
하이네켄
하이네켄
하이네켄
하이네켄
하이네켄
하이네켄
하이네켄
하이네켄
하이네켄
하이네켄
하이네켄
하이네켄
하이네켄
하이네켄
하이네켄
하이네켄
하이네켄
하이네켄
하이네켄
하이네켄
하이네켄
하이네켄
하이네켄
하이네켄
하이네켄
하이네켄
하이네켄
하이네켄
하이네켄
하이네켄
하이네켄
하이네켄
하이네켄
하이네켄
하이네켄
하이네켄
하이네켄
하이네켄
하이네켄
하이네켄
하이네켄
하이네켄
하이네켄
하이네켄
하이네켄
하이네켄
하이네켄
하이네켄
하이네켄
하이네켄
하이네켄
하이네켄
하이네켄
하이네켄
하이네켄
하이네켄
하이네켄
하이네켄
하이네켄
하이네켄
하이네켄
하이네켄
하이네켄
하이네켄
하이네켄
하이네켄
하이네켄
하이네켄
하이네켄
하이네켄
하이네켄
하이네켄
하이네켄
하이네켄
하이네켄
하이네켄
하이네켄
하이네켄
하이네켄
하이네켄
하이네켄
하이네켄
하이네켄
하이네켄
하이네켄
하이네켄
하이네켄
하이네켄
하이네켄
하이네켄
하이네켄
하이네켄
하이네켄
하이네켄
하이네켄
하이네켄
하이네켄
하이네켄
하이네켄
하이네켄
하이네켄
하이네켄
하이네켄
하이네켄
하이네켄
하이네켄
하이네켄
하이네켄
하이네켄
하이네켄
하이네켄
하이네켄
하이네켄
하이네켄
하이네켄
하이네켄
하이네켄
하이네켄
하이네켄
하이네켄
하이네켄
하이네켄
하이네켄
하이네켄
하이네켄
하이네켄
하이네켄
하이네켄
하이네켄
하이네켄
하이네켄
하이네켄
하이네켄
하이네켄
하이네켄
하이네켄
하이네켄
하이네켄
하이네켄
하이네켄
하이네켄
하이네켄
하이네켄
하이네켄
하이네켄
하이네켄
하이네켄
하이네켄
하이네켄
하이네켄
하이네켄
하이네켄
하이네켄
하이네켄
하이네켄
하이네켄
하이네켄
하이네켄
하이네켄
하이네켄
하이네켄
하이네켄
하이네켄
하이네켄
하이네켄
하이네켄
하이네켄
하이네켄
하이네켄
하이네켄
하이네켄
하이네켄
하이네켄
하이네켄
하이네켄
하이네켄
하이네켄
하이네켄
하이네켄
하이네켄
하이네켄
하이네켄
하이네켄
하이네켄
하이네켄
하이네켄
하이네켄
하이네켄
하이네켄
하이네켄
하이네켄
하이네켄
하이네켄
하이네켄
하이네켄
하이네켄
하이네켄
하이네켄
하이네켄
하이네켄
하이네켄
하이네켄
하이네켄
하이네켄
하이네켄
하이네켄
하이네켄
하이네켄
하이네켄
하이네켄
하이네켄
하이네켄
하이네켄
하이네켄
하이네켄
하이네켄
하이네켄
하이네켄
하이네켄
하이네켄
하이네켄
하이네켄
하이네켄
하이네켄
하이네켄
하이네켄
하이네켄
하이네켄
하이네켄
하이네켄
하이네켄
하이네켄
하이네켄
하이네켄
하이네켄
하이네켄
하이네켄
하이네켄
하이네켄
하이네켄
하이네켄
하이네켄
하이네켄
하이네켄
하이네켄
하이네켄
하이네켄
하이네켄
하이네켄
하이네켄
하이네켄
하이네켄
하이네켄
하이네켄
하이네켄
하이네켄
하이네켄
하이네켄
하이네켄
하이네켄
하이네켄
하이네켄
하이네켄
하이네켄
하이네켄
하이네켄
하이네켄
하이네켄
하이네켄
하이네켄
하이네켄
하이네켄
하이네켄
하이네켄
하이네켄
하이네켄
하이네켄
하이네켄
하이네켄
하이네켄
하이네켄
하이네켄
하이네켄
하이네켄
하이네켄
하이네켄
하이네켄
하이네켄
하이네켄
하이네켄
하이네켄
하이네켄
하이네켄
하이네켄
하이네켄
하이네켄
하이네켄
하이네켄
하이네켄
하이네켄
하이네켄
하이네켄
하이네켄
하이네켄
하이네켄
하이네켄
하이네켄
하이네켄
하이네켄
하이네켄
하이네켄
하이네켄
하이네켄
하이네켄
하이네켄
하이네켄
하이네켄
하이네켄
하이네켄
하이네켄
하이네켄
하이네켄
하이네켄
하이네켄
하이네켄
하이네켄
하이네켄
하이네켄
하이네켄
하이네켄
하이네켄
하이네켄
하이네켄
하이네켄
하이네켄
하이네켄
하이네켄
하이네켄
하이네켄
하이네켄
하이네켄
하이네켄
하이네켄
하이네켄
하이네켄
하이네켄
하이네켄
하이네켄
하이네켄
하이네켄
하이네켄
하이네켄
하이네켄
하이네켄
하이네켄
하이네켄
하이네켄
하이네켄
하이네켄
하이네켄
하이네켄
하이네켄
하이네켄
하이네켄
하이네켄
하이네켄
하이네켄
하이네켄
하이네켄
하이네켄
하이네켄
하이네켄
하이네켄
하이네켄
하이네켄
하이네켄
하이네켄
하이네켄
하이네켄
하이네켄
하이네켄
하이네켄
하이네켄
하이네켄
하이네켄
하이네켄
하이네켄
하이네켄
하이네켄
하이네켄
하이네켄
하이네켄
하이네켄
하이네켄
하이네켄
하이네켄
하이네켄
하이네켄
하이네켄
하이네켄
하이네켄
하이네켄
하이네켄
하이네켄
하이네켄
하이네켄
하이네켄
하이네켄
하이네켄
하이네켄
하이네켄
하이네켄
하이네켄
하이네켄
하이네켄
하이네켄
하이네켄
하이네켄
하이네켄
하이네켄
하이네켄
하이네켄
하이네켄
하이네켄
하이네켄
하이네켄
하이네켄
하이네켄
하이네켄
하이네켄
하이네켄
하이네켄
하이네켄
하이네켄
하이네켄
하이네켄
하이네켄
하이네켄
하이네켄
하이네켄
하이네켄
하이네켄
하이네켄
하이네켄
하이네켄
하이네켄
하이네켄
하이네켄
하이네켄
하이네켄
하이네켄
하이네켄
하이네켄
하이네켄
하이네켄
하이네켄
하이네켄
하이네켄
하이네켄
하이네켄
하이네켄
하이네켄
하이네켄
하이네켄
하이네켄
하이네켄
하이네켄
하이네켄
하이네켄
하이네켄
하이네켄
하이네켄
하이네켄
하이네켄
하이네켄
하이네켄
하이네켄
하이네켄
하이네켄
하이네켄
하이네켄
하이네켄
하이네켄
하이네켄
하이네켄
하이네켄
하이네켄
하이네켄
하이네켄
하이네켄
하이네켄
하이네켄
하이네켄
하이네켄
하이네켄
하이네켄
하이네켄
하이네켄
하이네켄
하이네켄
하이네켄
하이네켄
하이네켄
하이네켄
하이네켄
하이네켄
하이네켄
하이네켄
하이네켄
하이네켄
하이네켄
하이네켄
하이네켄
하이네켄
하이네켄
하이네켄
하이네켄
하이네켄
하이네켄
하이네켄
하이네켄
하이네켄
하이네켄
하이네켄
하이네켄
하이네켄
하이네켄
하이네켄
하이네켄
하이네켄
하이네켄
하이네켄
하이네켄
하이네켄
하이네켄
하이네켄
하이네켄
하이네켄
하이네켄
하이네켄
하이네켄
하이네켄
하이네켄
하이네켄
하이네켄
하이네켄
하이네켄
하이네켄
하이네켄
하이네켄
하이네켄
하이네켄
하이네켄
하이네켄
하이네켄
하이네켄
하이네켄
하이네켄
하이네켄
하이네켄
하이네켄
하이네켄
하이네켄
하이네켄
하이네켄
하이네켄
하이네켄
하이네켄
하이네켄
하이네켄
하이네켄
하이네켄
하이네켄
하이네켄
하이네켄
하이네켄
하이네켄
하이네켄
하이네켄
하이네켄
하이네켄
하이네켄
하이네켄
하이네켄
하이네켄
하이네켄
하이네켄
하이네켄
하이네켄
하이네켄
하이네켄
하이네켄
하이네켄
하이네켄
하이네켄
하이네켄
하이네켄
하이네켄
하이네켄
하이네켄
하이네켄
하이네켄
하이네켄
하이네켄
하이네켄
하이네켄
하이네켄
하이네켄
하이네켄
하이네켄
하이네켄
하이네켄
하이네켄
하이네켄
하이네켄
하이네켄
하이네켄
하이네켄
하이네켄
하이네켄
하이네켄
하이네켄
하이네켄
하이네켄
하이네켄
하이네켄
하이네켄
하이네켄
하이네켄
하이네켄
하이네켄
하이네켄
하이네켄
하이네켄
하이네켄
하이네켄
하이네켄
하이네켄
하이네켄
하이네켄
하이네켄
하이네켄
하이네켄
하이네켄
하이네켄
하이네켄
하이네켄
하이네켄
하이네켄
하이네켄
하이네켄
하이네켄
하이네켄
하이네켄
하이네켄
하이네켄
하이네켄
하이네켄
하이네켄
하이네켄
하이네켄
하이네켄
하이네켄
하이네켄
하이네켄
하이네켄
하이네켄
하이네켄
하이네켄
하이네켄
하이네켄
하이네켄
하이네켄
하이네켄
하이네켄
하이네켄
하이네켄
하이네켄
하이네켄
하이네켄
하이네켄
하이네켄
하이네켄
하이네켄
하이네켄
하이네켄
하이네켄
하이네켄
하이네켄
하이네켄
하이네켄
하이네켄
하이네켄
하이네켄
하이네켄
하이네켄
하이네켄
하이네켄
하이네켄
하이네켄
하이네켄
하이네켄
하이네켄
하이네켄
하이네켄
하이네켄
하이네켄
하이네켄
하이네켄
하이네켄
하이네켄
하이네켄
하이네켄
하이네켄
하이네켄
하이네켄
하이네켄
하이네켄
하이네켄
하이네켄
하이네켄
하이네켄
하이네켄
하이네켄
하이네켄
하이네켄
하이네켄
하이네켄
하이네켄
하이네켄
하이네켄
하이네켄
하이네켄
하이네켄
하이네켄
하이네켄
하이네켄
하이네켄
하이네켄
하이네켄
하이네켄
하이네켄
하이네켄
하이네켄
하이네켄
하이네켄
하이네켄
하이네켄
하이네켄
하이네켄
하이네켄
하이네켄
하이네켄
하이네켄
하이네켄
하이네켄
하이네켄
하이네켄
하이네켄
하이네켄
하이네켄
하이네켄
하이네켄
하이네켄
하이네켄
하이네켄
하이네켄
하이네켄
하이네켄
하이네켄
하이네켄
하이네켄
하이네켄
하이네켄
하이네켄
하이네켄
하이네켄
하이네켄
하이네켄
하이네켄
하이네켄
하이네켄
하이네켄
하이네켄
하이네켄
하이네켄
하이네켄
하이네켄
하이네켄
하이네켄
하이네켄
하이네켄
하이네켄
하이네켄
하이네켄
하이네켄
하이네켄
하이네켄
하이네켄
하이네켄
하이네켄
하이네켄
하이네켄
하이네켄
하이네켄
하이네켄
하이네켄
하이네켄
하이네켄
하이네켄
하이네켄
하이네켄
하이네켄
하이네켄
하이네켄
하이네켄
하이네켄
하이네켄
하이네켄
하이네켄
하이네켄
하이네켄
하이네켄
하이네켄
하이네켄
하이네켄
하이네켄
하이네켄
하이네켄
하이네켄
하이네켄
하이네켄
하이네켄
하이네켄
하이네켄
하이네켄
하이네켄
하이네켄
하이네켄
하이네켄
하이네켄
하이네켄
하이네켄
하이네켄
하이네켄
하이네켄
하이네켄
하이네켄
하이네켄
하이네켄
하이네켄
하이네켄
하이네켄
하이네켄
하이네켄
하이네켄
하이네켄
하이네켄
하이네켄
하이네켄
하이네켄
하이네켄
하이네켄
하이네켄
하이네켄
하이네켄
하이네켄
하이네켄
하이네켄
하이네켄
하이네켄
하이네켄
하이네켄
하이네켄
하이네켄
하이네켄
하이네켄
하이네켄
하이네켄
하이네켄
하이네켄
하이네켄
하이네켄
하이네켄
하이네켄
하이네켄
하이네켄
하이네켄
하이네켄
하이네켄
하이네켄
하이네켄
하이네켄
하이네켄
하이네켄
하이네켄
하이네켄
하이네켄
하이네켄
하이네켄
하이네켄
하이네켄
하이네켄
하이네켄
하이네켄
하이네켄
하이네켄
하이네켄
하이네켄
하이네켄
하이네켄
하이네켄
하이네켄
하이네켄
하이네켄
하이네켄
하이네켄
하이네켄
하이네켄
하이네켄
하이네켄
하이네켄
하이네켄
하이네켄
하이네켄
하이네켄
하이네켄
하이네켄
하이네켄
하이네켄
하이네켄
하이네켄
하이네켄
하이네켄
하이네켄
하이네켄
하이네켄
하이네켄
하이네켄
하이네켄
하이네켄
하이네켄
하이네켄
하이네켄
하이네켄
하이네켄
하이네켄
하이네켄
하이네켄
하이네켄
하이네켄
하이네켄
하이네켄
하이네켄
하이네켄
하이네켄
하이네켄
하이네켄
하이네켄
하이네켄
하이네켄
하이네켄
하이네켄
하이네켄
하이네켄
하이네켄
하이네켄
하이네켄
하이네켄
하이네켄
하이네켄
하이네켄
하이네켄
하이네켄
하이네켄
하이네켄
하이네켄
하이네켄
하이네켄
하이네켄
하이네켄
하이네켄
하이네켄
하이네켄
하이네켄
하이네켄
하이네켄
하이네켄
하이네켄
하이네켄
하이네켄
하이네켄
하이네켄
하이네켄
하이네켄
하이네켄
하이네켄
하이네켄
하이네켄
하이네켄
하이네켄
하이네켄
하이네켄
하이네켄
하이네켄
하이네켄
하이네켄
하이네켄
하이네켄
하이네켄
하이네켄
하이네켄
하이네켄
하이네켄
하이네켄
하이네켄
하이네켄
하이네켄
하이네켄
하이네켄
하이네켄
하이네켄
하이네켄
하이네켄
하이네켄
하이네켄
하이네켄
하이네켄
하이네켄
하이네켄
하이네켄
하이네켄
하이네켄
하이네켄
하이네켄
하이네켄
하이네켄
하이네켄
하이네켄
하이네켄
하이네켄
하이네켄
하이네켄
하이네켄
하이네켄
하이네켄
하이네켄
하이네켄
하이네켄
하이네켄
하이네켄
하이네켄
하이네켄
하이네켄
하이네켄
하이네켄
하이네켄
하이네켄
하이네켄
하이네켄
하이네켄
하이네켄
하이네켄
하이네켄
하이네켄
하이네켄
하이네켄
하이네켄
하이네켄
하이네켄
하이네켄
하이네켄
하이네켄
하이네켄
하이네켄
하이네켄
하이네켄
하이네켄
하이네켄
하이네켄
하이네켄
하이네켄
하이네켄
하이네켄
하이네켄
하이네켄
하이네켄
하이네켄
하이네켄
하이네켄
하이네켄
하이네켄
하이네켄
하이네켄
하이네켄
하이네켄
하이네켄
하이네켄
하이네켄
하이네켄
하이네켄
하이네켄
하이네켄
하이네켄
하이네켄
하이네켄
하이네켄
하이네켄
하이네켄
하이네켄
하이네켄
하이네켄
하이네켄
하이네켄
하이네켄
하이네켄
하이네켄
하이네켄
하이네켄
하이네켄
하이네켄
하이네켄
하이네켄
하이네켄
하이네켄
하이네켄
하이네켄
하이네켄
하이네켄
하이네켄
하이네켄
하이네켄
하이네켄
하이네켄
하이네켄
하이네켄
하이네켄
하이네켄
하이네켄
하이네켄
하이네켄
하이네켄
하이네켄
하이네켄
하이네켄
하이네켄
하이네켄
하이네켄
하이네켄
하이네켄
하이네켄
하이네켄
하이네켄
하이네켄
하이네켄
하이네켄
하이네켄
하이네켄
하이네켄
하이네켄
하이네켄
하이네켄
하이네켄
하이네켄
하이네켄
하이네켄
하이네켄
하이네켄
하이네켄
하이네켄
하이네켄
하이네켄
하이네켄
하이네켄
하이네켄
하이네켄
하이네켄
하이네켄
하이네켄
하이네켄
하이네켄
하이네켄
하이네켄
하이네켄
하이네켄
하이네켄
하이네켄
하이네켄
하이네켄
하이네켄
하이네켄
하이네켄
하이네켄
하이네켄
하이네켄
하이네켄
하이네켄
하이네켄
하이네켄
하이네켄
하이네켄
하이네켄
하이네켄
하이네켄
하이네켄
하이네켄
하이네켄
하이네켄
하이네켄
하이네켄
하이네켄
하이네켄
하이네켄
하이네켄
하이네켄
하이네켄
하이네켄
하이네켄
하이네켄
하이네켄
하이네켄
하이네켄
하이네켄
하이네켄
하이네켄
하이네켄
하이네켄
하이네켄
하이네켄
하이네켄
하이네켄
하이네켄
하이네켄
하이네켄
하이네켄
하이네켄
하이네켄
하이네켄
하이네켄
하이네켄
하이네켄
하이네켄
하이네켄
하이네켄
하이네켄
하이네켄
하이네켄
하이네켄
하이네켄
하이네켄
하이네켄
하이네켄
하이네켄
하이네켄
하이네켄
하이네켄
하이네켄
하이네켄
하이네켄
하이네켄
하이네켄
하이네켄
하이네켄
하이네켄
하이네켄
하이네켄
하이네켄
하이네켄
하이네켄
하이네켄
하이네켄
하이네켄
하이네켄
하이네켄
하이네켄
하이네켄
하이네켄
하이네켄
하이네켄
하이네켄
하이네켄
하이네켄
하이네켄
하이네켄
하이네켄
하이네켄
하이네켄
하이네켄
하이네켄
하이네켄
하이네켄
하이네켄
하이네켄
하이네켄
하이네켄
하이네켄
하이네켄
하이네켄
하이네켄
하이네켄
하이네켄
하이네켄
하이네켄
하이네켄
하이네켄
하이네켄
하이네켄
하이네켄
하이네켄
하이네켄
하이네켄
하이네켄
하이네켄
하이네켄
하이네켄
하이네켄
하이네켄
하이네켄
하이네켄
하이네켄
하이네켄
하이네켄
하이네켄
하이네켄
하이네켄
하이네켄
하이네켄
하이네켄
하이네켄
하이네켄
하이네켄
하이네켄
하이네켄
하이네켄
하이네켄
하이네켄
하이네켄
하이네켄
하이네켄
하이네켄
하이네켄
하이네켄
하이네켄
하이네켄
하이네켄
하이네켄
하이네켄
하이네켄
하이네켄
하이네켄
하이네켄
하이네켄
하이네켄
하이네켄
하이네켄
하이네켄
하이네켄
하이네켄
하이네켄
하이네켄
하이네켄
하이네켄
하이네켄
하이네켄
하이네켄
하이네켄
하이네켄
하이네켄
하이네켄
하이네켄
하이네켄
하이네켄
하이네켄
하이네켄
하이네켄
하이네켄
하이네켄
하이네켄
하이네켄
하이네켄
하이네켄
하이네켄
하이네켄
하이네켄
하이네켄
하이네켄
하이네켄
하이네켄
하이네켄
하이네켄
하이네켄
하이네켄
하이네켄
하이트
하이트
하이트
하이트
하이트
하이트
하이트
하이트
하이트
하이트
하이트
하이트
하이트
하이트
하이트
하이트
하이트
하이트
하이트
하이트
하이트
하이트
하이트
하이트
하이트
하이트
하이트
하이트
하이트
하이트
하이트
하이트
하이트
하이트
하이트
하이트
하이트
하이트
하이트
하이트
하이트
하이트
하이트
하이트
하이트
하이트
하이트
하이트
하이트
하이트
하이트
하이트
하이트
하이트
하이트
하이트
하이트
하이트
하이트
하이트
하이트
하이트
하이트
하이트
하이트
하이트
하이트
하이트
하이트
하이트
하이트
하이트
하이트
하이트
하이트
하이트
하이트
하이트
하이트
하이트
하이트
하이트
하이트
하이트
하이트
하이트
하이트
하이트
하이트
하이트
하이트
하이트
하이트
하이트
하이트
하이트
하이트
하이트
하이트
하이트
하이트
하이트
하이트
하이트
하이트
하이트
하이트
하이트
하이트
하이트
하이트
하이트
하이트
하이트
하이트
하이트
하이트
하이트
하이트
하이트
하이트
하이트
하이트
하이트
하이트
하이트
하이트
하이트
하이트
하이트
하이트
하이트
하이트
하이트
하이트
하이트
하이트
하이트
하이트
하이트
하이트
하이트
하이트
하이트
하이트
하이트
하이트
하이트
하이트
하이트
하이트
하이트
하이트
하이트
하이트
하이트
하이트
하이트
하이트
하이트
하이트
하이트
하이트
하이트
하이트
하이트
하이트
하이트
하이트
하이트
하이트
하이트
하이트
하이트
하이트
하이트
하이트
하이트
하이트
하이트
하이트
하이트
하이트
하이트
하이트
하이트
하이트
하이트
하이트
하이트
하이트
하이트
하이트
하이트
하이트
하이트
하이트
하이트
하이트
하이트
하이트
하이트
하이트
하이트
하이트
하이트
하이트
하이트
하이트
하이트
하이트
하이트
하이트
하이트
하이트
하이트
하이트
하이트
하이트
하이트
하이트
하이트
하이트
하이트
하이트
하이트
하이트
하이트
하이트
하이트
하이트
하이트
하이트
하이트
하이트
하이트
하이트
하이트
하이트
하이트
하이트
하이트
하이트
하이트
하이트
하이트
하이트
하이트
하이트
하이트
하이트
하이트
하이트
하이트
하이트
하이트
하이트
하이트
하이트
하이트
하이트
하이트
하이트
하이트
하이트
하이트
하이트
하이트
하이트
하이트
하이트
하이트
하이트
하이트
하이트
하이트
하이트
하이트
하이트
하이트
하이트
하이트
하이트
하이트
하이트
하이트
하이트
하이트
하이트
하이트
하이트
하이트
하이트
하이트
하이트
하이트
하이트
하이트
하이트
하이트
하이트
하이트
하이트
하이트
하이트
하이트
하이트
하이트
하이트
하이트
하이트
하이트
하이트
하이트
하이트
하이트
하이트
하이트
하이트
하이트
하이트
하이트
하이트
하이트
하이트
하이트
하이트
하이트
하이트
하이트
하이트
하이트
하이트
하이트
하이트
하이트
하이트
하이트
하이트
하이트
하이트
하이트
하이트
하이트
하이트
하이트
하이트
하이트
하이트
하이트
하이트
하이트
하이트
하이트
하이트
하이트
하이트
하이트
하이트
하이트
하이트
하이트
하이트
하이트
하이트
하이트
하이트
하이트
하이트
하이트
하이트
하이트
하이트
하이트
하이트
하이트
하이트
하이트
하이트
하이트
하이트
하이트
하이트
하이트
하이트
하이트
하이트
하이트
하이트
하이트
하이트
하이트
하이트
하이트
하이트
하이트
하이트
하이트
하이트
하이트
하이트
하이트
하이트
하이트
하이트
하이트
하이트
하이트
하이트
하이트
하이트
하이트
하이트
하이트
하이트
하이트
하이트
하이트
하이트
하이트
하이트
하이트
하이트
하이트
하이트
하이트
하이트
하이트
하이트
하이트
하이트
하이트
하이트
하이트
하이트
하이트
하이트
하이트
하이트
하이트
하이트
하이트
하이트
하이트
하이트
하이트
하이트
하이트
하이트
하이트
하이트
하이트
하이트
하이트
하이트
하이트
하이트
하이트
하이트
하이트
하이트
하이트
하이트
하이트
하이트
하이트
하이트
하이트
하이트
하이트
하이트
하이트
하이트
하이트
하이트
하이트
하이트
하이트
하이트
하이트
하이트
하이트
하이트
하이트
하이트
하이트
하이트
하이트
하이트
하이트
하이트
하이트
하이트
하이트
하이트
하이트
하이트
하이트
하이트
하이트
하이트
하이트
하이트
하이트
하이트
하이트
하이트
하이트
하이트
하이트
하이트
하이트
하이트
하이트
하이트
하이트
하이트
하이트
하이트
하이트
하이트
하이트
하이트
하이트
하이트
하이트
하이트
하이트
하이트
하이트
하이트
하이트
하이트
하이트
하이트
하이트
하이트
하이트
하이트
하이트
하이트
하이트
하이트
하이트
하이트
하이트
하이트
하이트
하이트
하이트
하이트
하이트
하이트
하이트
하이트
하이트
하이트
하이트
하이트
하이트
하이트
하이트
하이트
하이트
하이트
하이트
하이트
하이트
하이트
하이트
하이트
하이트
하이트
하이트
하이트
하이트
하이트
하이트
하이트
하이트
하이트
하이트
하이트
하이트
하이트
하이트
하이트
하이트
하이트
하이트
하이트
하이트
하이트
하이트
하이트
하이트
하이트
하이트
하이트
하이트
하이트
하이트
하이트
하이트
하이트
하이트
하이트
하이트
하이트
하이트
하이트
하이트
하이트
하이트
하이트
하이트
하이트
하이트
하이트
하이트
하이트
하이트
하이트
하이트
하이트
하이트
하이트
하이트
하이트
하이트
하이트
하이트
하이트
하이트
하이트
하이트
하이트
하이트
하이트
하이트
하이트
하이트
하이트
하이트
하이트
하이트
하이트
하이트
하이트
하이트
하이트
하이트
하이트
하이트
하이트
하이트
하이트
하이트
하이트
하이트
하이트
하이트
하이트
하이트
하이트
하이트
하이트
하이트
하이트
하이트
하이트
하이트
하이트
하이트
하이트
하이트
하이트
하이트
하이트
하이트
하이트
하이트
하이트
하이트
하이트
하이트
하이트
하이트
하이트
하이트
하이트
하이트
하이트
하이트
하이트
하이트
하이트
하이트
하이트
하이트
하이트
하이트
하이트
하이트
하이트
하이트
하이트
하이트
하이트
하이트
하이트
하이트
하이트
하이트
하이트
하이트
하이트
하이트
하이트
하이트
하이트
하이트
하이트
하이트
하이트
하이트
하이트
하이트
하이트
하이트
하이트
하이트
하이트
하이트
하이트
하이트
하이트
하이트
하이트
하이트
하이트
하이트
하이트
하이트
하이트
하이트
하이트
하이트
하이트
하이트
하이트
하이트
하이트
하이트
하이트
하이트
하이트
하이트
하이트
하이트
하이트
하이트
하이트
하이트
하이트
하이트
하이트
하이트
하이트
하이트
하이트
하이트
하이트
하이트
하이트
하이트
하이트
하이트
하이트
하이트
하이트
하이트
하이트
하이트
하이트
하이트
하이트
하이트
하이트
하이트
하이트
하이트
하이트
하이트
하이트
하이트
하이트
하이트
하이트
하이트
하이트
하이트
하이트
하이트
하이트
하이트
하이트
하이트
하이트
하이트
하이트
하이트
하이트
하이트
하이트
하이트
하이트
하이트
하이트
하이트
하이트
하이트
하이트
하이트
하이트
하이트
하이트
하이트
하이트
하이트
하이트
하이트
하이트
하이트
하이트
하이트
하이트
하이트
하이트
하이트
하이트
하이트
하이트
하이트
하이트
헤페
헤페
헤페
헤페
헤페
헤페
헤페
헤페
헤페
헤페
헤페
헤페
헤페
헤페
헤페
헤페
헤페
헤페
헤페
헤페
헤페
헤페
헤페
헤페
헤페
헤페
헤페
헤페
헤페
헤페
헤페
헤페
헤페
헤페
헤페
헤페
헤페
헤페
헤페
헤페
헤페
헤페
헤페
헤페
헤페
헤페
헤페
헤페
헤페
헤페
헤페
헤페
헤페
헤페
헤페
헤페
헤페
헤페
헤페
헤페
헤페
헤페
헤페
헤페
헤페
헤페
헤페
헤페
헤페
헤페
헤페
헤페
헤페
헤페
헤페
헤페
헤페
헤페
헤페
헤페
헤페
헤페
헤페
헤페
헤페
헤페
헤페
헤페
헤페
헤페
헤페
헤페
헤페
헤페
헤페
헤페
헤페
헤페
헤페
헤페
헤페
헤페
헤페
헤페
헤페
헤페
헤페
헤페
헤페
헤페
헤페
헤페
헤페
헤페
헤페
헤페
헤페
헤페
헤페
헤페
헤페
헤페
헤페
헤페
헤페
헤페
헤페
헤페
헤페
헤페
헤페
헤페
헤페
헤페
헤페
헤페
헤페
헤페
헤페
헤페
헤페
헤페
헤페
헤페
헤페
헤페
헤페
헤페
헤페
헤페
헤페
헤페
헤페
헤페
헤페
헤페
헤페
헤페
헤페
헤페
헤페
헤페
헤페
헤페
헤페
헤페
헤페
헤페
헤페
헤페
헤페
헤페
헤페
헤페
헤페
헤페
헤페
헤페
헤페
헤페
헤페
헤페
헤페
헤페
헤페
헤페
헤페
헤페
헤페
헤페
헤페
헤페
헤페
헤페
헤페
헤페
헤페
헤페
헤페
헤페
헤페
헤페
헤페
헤페
헤페
헤페
헤페
헤페
헤페
헤페
헤페
헤페
헤페
헤페
헤페
헤페
헤페
헤페
헤페
헤페
헤페
헤페
헤페
헤페
헤페
헤페
헤페
헤페
헤페
헤페
헤페
헤페
헤페
헤페
헤페
헤페
헤페
헤페
헤페
헤페
헤페
헤페
헤페
헤페
헤페
헤페
헤페
헤페
헤페
헤페
헤페
헤페
헤페
헤페
헤페
헤페
헤페
헤페
헤페
헤페
헤페
헤페
헤페
헤페
헤페
헤페
헤페
헤페
헤페
헤페
헤페
헤페
헤페
헤페
헤페
헤페
헤페
헤페
헤페
헤페
헤페
헤페
헤페
헤페
헤페
헤페
헤페
헤페
헤페
헤페
헤페
헤페
헤페
헤페
헤페
헤페
헤페
헤페
헤페
헤페
헤페
헤페
헤페
헤페
헤페
헤페
헤페
헤페
헤페
헤페
헤페
헤페
헤페
헤페
헤페
헤페
헤페
헤페
헤페
헤페
헤페
헤페
헤페
헤페
헤페
헤페
헤페
헤페
헤페
헤페
헤페
헤페
헤페
헤페
헤페
헤페
헤페
헤페
헤페
헤페
헤페
헤페
헤페
헤페
헤페
헤페
헤페
헤페
헤페
헤페
헤페
헤페
헤페
헤페
헤페
헤페
헤페
헤페
헤페
헤페
헤페
헤페
헤페
헤페
헤페
헤페
헤페
헤페
헤페
헤페
헤페
헤페
헤페
헤페
헤페
헤페
헤페
헤페
헤페
헤페
헤페
헤페
헤페
헤페
헤페
헤페
헤페
헤페
헤페
헤페
헤페
헤페
헤페
헤페
헤페
헤페
헤페
헤페
헤페
헤페
헤페
헤페
헤페
헤페
헤페
헤페
헤페
헤페
헤페
헤페
헤페
헤페
헤페
헤페
헤페
헤페
헤페
헤페
헤페
헤페
헤페
헤페
헤페
헤페
헤페
헤페
헤페
헤페
헤페
헤페
헤페
헤페
헤페
헤페
헤페
헤페
헤페
헤페
헤페
헤페
헤페
헤페
헤페
헤페
헤페
헤페
헤페
헤페
헤페
헤페
헤페
헤페
헤페
헤페
헤페
헤페
헤페
헤페
헤페
헤페
헤페
헤페
헤페
헤페
헤페
헤페
헤페
헤페
헤페
헤페
헤페
헤페
헤페
헤페
헤페
헤페
헤페
헤페
헤페
헤페
헤페
헤페
헤페
헤페
헤페
헤페
헤페
헤페
헤페
헤페
헤페
헤페
헤페
헤페
헤페
헤페
헤페
헤페
헤페
헤페
헤페
헤페
헤페
헤페
헤페
헤페
헤페
헤페
헤페
헤페
헤페
헤페
헤페
헤페
헤페
헤페
헤페
헤페
헤페
헤페
헤페
헤페
헤페
헤페
헤페
헤페
헤페
헤페
헤페
헤페
헤페
헤페
헤페
헤페
헤페
헤페
헤페
헤페
헤페
헤페
헤페
헤페
헤페
헤페
헤페
헤페
헤페
헤페
헤페
헤페
헤페
헤페
헤페
헤페
헤페
헤페
헤페
헤페
헤페
헤페
헤페
헤페
헤페
헤페
헤페
헤페
헤페
헤페
헤페
헤페
헤페
헤페
헤페
헤페
헤페
헤페
헤페
헤페
헤페
헤페
헤페
헤페
헤페
헤페
헤페
헤페
헤페
헤페
헤페
헤페
헤페
헤페
헤페
헤페
헤페
헤페
헤페
헤페
헤페
헤페
헤페
헤페
헤페
헤페
헤페
헤페
헤페
헤페
헤페
헤페
헤페
헤페
헤페
헤페
헤페
헤페
헤페
헤페
헤페
헤페
헤페
헤페
헤페
헤페
헤페
헤페
헤페
헤페
헤페
헤페
헤페
헤페
헤페
헤페
헤페
헤페
헤페
헤페
헤페
헤페
헤페
헤페
헤페
헤페
헤페
헤페
헤페
헤페
헤페
헤페
헤페
헤페
헤페
헤페
헤페
헤페
헤페
헤페
헤페
헤페
헤페
헤페
헤페
헤페
헤페
헤페
헤페
헤페
헤페
헤페
헤페
헤페
헤페
헤페
헤페
헤페
헤페
헤페
헤페
헤페
헤페
헤페
헤페
헤페
헤페
헤페
헤페
헤페
헤페
헤페
헤페
헤페
헤페
헤페
헤페
헤페
헤페
헤페
헤페
헤페
헤페
헤페
헤페
헤페
헤페
헤페
헤페
헤페
헤페
헤페
헤페
헤페
헤페
헤페
헤페
헤페
헤페
헤페
헤페
헤페
헤페
헤페
헤페
헤페
헤페
헤페
헤페
헤페
헤페
헤페
헤페
헤페
헤페
헤페
헤페
헤페
헤페
헤페
헤페
헤페
헤페
헤페
헤페
헤페
헤페
헤페
헤페
헤페
헤페
헤페
헤페
헤페
헤페
헤페
헤페
헤페
헤페
헤페
헤페
헤페
헤페
헤페
헤페
헤페
헤페
헤페
헤페
헤페
헤페
헤페
헤페
헤페
헤페
헤페
헤페
헤페
헤페
헤페
헤페
헤페
헤페
헤페
헤페
헤페
헤페
헤페
헤페
헤페
헤페
헤페
헤페
헤페
헤페
헤페
헤페
헤페
헤페
헤페
헤페
헤페
헤페
헤페
헤페
헤페
헤페
헤페
헤페
헤페
헤페
헤페
헤페
헤페
헤페
헤페
헤페
헤페
헤페
헤페
헤페
헤페
헤페
헤페
헤페
헤페
헤페
헤페
헤페
헤페
헤페
헤페
헤페
헤페
헤페
헤페
헤페
헤페
헤페
헤페
헤페
헤페
헤페
헤페
헤페
헤페
헤페
헤페
헤페
헤페
헤페
헤페
헤페
헤페
헤페
헤페
헤페
헤페
헤페
헤페
헤페
헤페
헤페
헤페
헤페
헤페
헤페
헤페
헤페
헤페
헤페
헤페
헤페
헤페
헤페
헤페
헤페
헤페
헤페
헤페
헤페
헤페
헤페
헤페
헤페
헤페
헤페
헤페
헤페
헤페
헤페
헤페
헤페
헤페
헤페
헤페
헤페
헤페
헤페
헤페
헤페
헤페
헤페
헤페
헤페
헤페
헤페
헤페
헤페
헤페
헤페
헤페
헤페
헤페
헤페
헤페
헤페
헤페
헤페
헤페
헤페
헤페
헤페
헤페
헤페
헤페
헤페
헤페
헤페
헤페
헤페
헤페
헤페
헤페
헤페
헤페
헤페
헤페
헤페
헤페
헤페
헤페
헤페
헤페
헤페
헤페
헤페
헤페
헤페
헤페
헤페
헤페
헤페
헤페
헤페
헤페
헤페
헤페
헤페
헤페
헤페
헤페
헤페
헤페
헤페
헤페
헤페
헤페
헤페
헤페
헤페
헤페
헤페
헤페
헤페
헤페
헤페
헤페
헤페
헤페
헤페
헤페
헤페
헤페
헤페
헤페
헤페
헤페
헤페
헤페
헤페
헤페
헤페
헤페
헤페
헤페
헤페
헤페
헤페
헤페
헤페
헤페
헤페
헤페
헤페
헤페
헤페
헤페
헤페
헤페
헤페
헤페
헤페
헤페
헤페
헤페
헤페
헤페
헤페
헤페
헤페
헤페
헤페
헤페
헤페
헤페
헤페
헤페
헤페
헤페
헤페
헤페
헤페
헤페
헤페
헤페
헤페
헤페
헤페
헤페
헤페
헤페
헤페
헤페
헤페
헤페
헤페
헤페
헤페
헤페
헤페
헤페
헤페
헤페
헤페
헤페
헤페
헤페
헤페
헤페
헤페
헤페
헤페
헤페
헤페
헤페
헤페
헤페
헤페
헤페
헤페
헤페
헤페
헤페
헤페
헤페
헤페
헤페
헤페
헤페
헤페
헤페
헤페
헤페
헤페
헤페
헤페
헤페
헤페
헤페
헤페
헤페
헤페
헤페
헤페
헤페
헤페
헤페
헤페
헤페
헤페
헤페
헤페
헤페
헤페
헤페
헤페
헤페
헤페
헤페
헤페
헤페
헤페
헤페
헤페
헤페
헤페
헤페
헤페
헤페
헤페
헤페
헤페
헤페
헤페
헤페
헤페
헤페
헤페
헤페
헤페
헤페
헤페
헤페
헤페
헤페
헤페
헤페
헤페
헤페
헤페
헤페
헤페
헤페
헤페
헤페
헤페
헤페
헤페
헤페
헤페
헤페
헤페
헤페
헤페
헤페
헤페
헤페
헤페
헤페
헤페
헤페
헤페
헤페
헤페
헤페
헤페
헤페
헤페
헤페
헤페
헤페
헤페
헤페
헤페
헤페
헤페
헤페
헤페
헤페
헤페
헤페
헤페
헤페
헤페
헤페
헤페
헤페
헤페
헤페
헤페
헤페
헤페
헤페
헤페
헤페
헤페
헤페
헤페
헤페
헤페
헤페
헤페
헤페
헤페
헤페
헤페
헤페
헤페
헤페
헤페
헤페
헤페
헤페
헤페
헤페
헤페
헤페
헤페
헤페
헤페
헤페
헤페
헤페
헤페
헤페
헤페
헤페
헤페
헤페
헤페
헤페
헤페
헤페
헤페
헤페
헤페
헤페
헤페
헤페
헤페
헤페
헤페
헤페
헤페
헤페
헤페
헤페
헤페
헤페
헤페
헤페
헤페
헤페
헤페
헤페
헤페
헤페
헤페
헤페
헤페
헤페
헤페
헤페
헤페
헤페
헤페
헤페
헤페
헤페
헤페
헤페
헤페
헤페
헤페
헤페
헤페
헤페
헤페
헤페
헤페
헤페
헤페
헤페
헤페
헤페
헤페
헤페
헤페
헤페
헤페
헤페
헤페
헤페
헤페
헤페
헤페
헤페
헤페
헤페
헤페
헤페
헤페
헤페
헤페
헤페
헤페
헤페
헤페
헤페
헤페
헤페
헤페
헤페
헤페
헤페
헤페
헤페
헤페
헤페
헤페
헤페
헤페
헤페
헤페
헤페
헤페
헤페
헤페
헤페
헤페
헤페
헤페
헤페
헤페
헤페
헤페
헤페
헤페
헤페
헤페
헤페
헤페
헤페
헤페
헤페
헤페
헤페
헤페
헤페
헤페
헤페
헤페
헤페
헤페
헤페
헤페
헤페
헤페
헤페
헤페
헤페
헤페
헤페
헤페
헤페
헤페
헤페
헤페
헤페
헤페
헤페
헤페
헤페
헤페
헤페
헤페
헤페
헤페
헤페
헤페
헤페
헤페
헤페
헤페
헤페
헤페
헤페
헤페
헤페
헤페
헤페
헤페
헤페
헤페
헤페
헤페
헤페
헤페
헤페
헤페
헤페
헤페
헤페
헤페
헤페
헤페
헤페
헤페
헤페
헤페
헤페
헤페
헤페
헤페
헤페
헤페
헤페
헤페
헤페
헤페
헤페
헤페
헤페
헤페
헤페
헤페
헤페
헤페
헤페
헤페
헤페
헤페
헤페
헤페
헤페
헤페
헤페
헤페
헤페
헤페
헤페
헤페
헤페
헤페
헤페
헤페
헤페
헤페
헤페
헤페
헤페
헤페
헤페
헤페
헤페
헤페
헤페
헤페
헤페
헤페
헤페
헤페
헤페
헤페
헤페
헤페
헤페
헤페
헤페
헤페
헤페
헤페
헤페
헤페
헤페
헤페
헤페
헤페
헤페
헤페
헤페
헤페
헤페
헤페
헤페
헤페
헤페
헤페
헤페
헤페
헤페
헤페
헤페
헤페
헤페
헤페
헤페
헤페
헤페
헤페
헤페
헤페
헤페
헤페
헤페
헤페
헤페
헤페
헤페
헤페
헤페
헤페
헤페
헤페
헤페
헤페
헤페
헤페
헤페
헤페
헤페
헤페
헤페
헤페
헤페
헤페
헤페
헤페
헤페
헤페
헤페
헤페
헤페
헤페
헤페
헤페
헤페
헤페
헤페
헤페
헤페
헤페
헤페
헤페
헤페
헤페
헤페
헤페
헤페
헤페
헤페
헤페
헤페
헤페
헤페
헤페
헤페
헤페
헤페
헤페
헤페
헤페
헤페
헤페
헤페
헤페
헤페
헤페
헤페
헤페
헤페
헤페
헤페
헤페
헤페
헤페
헤페
헤페
헤페
헤페
헤페
헤페
헤페
헤페
헤페
헤페
헤페
헤페
헤페
헤페
헤페
헤페
헤페
헤페
헤페
헤페
헤페
헤페
헤페
헤페
헤페
헤페
헤페
헤페
헤페
헤페
헤페
헤페
헤페
헤페
헤페
헤페
헤페
헤페
헤페
헤페
헤페
헤페
헤페
헤페
헤페
헤페
헤페
헤페
헤페
헤페
헤페
헤페
헤페
헤페
헤페
헤페
헤페
헤페
헤페
헤페
헤페
헤페
헤페
헤페
헤페
헤페
헤페
헤페
헤페
헤페
헤페
헤페
헤페
헤페
헤페
헤페
헤페
헤페
헤페
헤페
헤페
헤페
헤페
헤페
헤페
헤페
헤페
헤페
헤페
헤페
헤페
헤페
헤페
헤페
헤페
헤페
헤페
헤페
헤페
헤페
헤페
헤페
헤페
헤페
헤페
헤페
헤페
헤페
헤페
헤페
헤페
헤페
헤페
헤페
헤페
헤페
헤페
헤페
헤페
헤페
헤페
헤페
헤페
헤페
헤페
헤페
헤페
헤페
헤페
헤페
헤페
헤페
헤페
헤페
헤페
헤페
헤페
헤페
헤페
헤페
헤페
헤페
헤페
헤페
헤페
헤페
헤페
헤페
헤페
헤페
헤페
헤페
헤페
헤페
헤페
헤페
헤페
헤페
헤페
헤페
헤페
헤페
헤페
헤페
헤페
헤페
헤페
헤페
헤페
헤페
헤페
헤페
헤페
헤페
헤페
헤페
헤페
헤페
헤페
헤페
헤페
헤페
헤페
헤페
헤페
헤페
헤페
헤페
헤페
헤페
헤페
헤페
헤페
헤페
헤페
헤페
헤페
헤페
헤페
헤페
헤페
헤페
헤페
헤페
헤페
헤페
헤페
헤페
헤페
헤페
헤페
헤페
헤페
헤페
헤페
헤페
헤페
헤페
헤페
헤페
헤페
헤페
헤페
헤페
헤페
헤페
헤페
헤페
헤페
헤페
헤페
헤페
헤페
헤페
헤페
헤페
헤페
헤페
헤페
헤페
헤페
헤페
헤페
헤페
헤페
헤페
헤페
헤페
헤페
헤페
헤페
헤페
헤페
헤페
헤페
헤페
헤페
헤페
헤페
헤페
헤페
헤페
헤페
헤페
헤페
헤페
헤페
헤페
헤페
헤페
헤페
헤페
헤페
헤페
헤페
헤페
헤페
헤페
헤페
헤페
헤페
헤페
헤페
헤페
헤페
헤페
헤페
헤페
헤페
헤페
헤페
헤페
헤페
헤페
헤페
헤페
헤페
헤페
헤페
헤페
헤페
헤페
헤페
헤페
헤페
헤페
헤페
헤페
헤페
헤페
헤페
헤페
헤페
헤페
헤페
헤페
헤페
헤페
헤페
헤페
헤페
헤페
헤페
헤페
헤페
헤페
헤페
헤페
헤페
헤페
헤페
헤페
헤페
헤페
헤페
헤페
헤페
헤페
헤페
헤페
헤페
헤페
헤페
헤페
헤페
헤페
헤페
헤페
헤페
헤페
헤페
헤페
헤페
헤페
헤페
헤페
헤페
헤페
헤페
헤페
헤페
헤페
헤페
헤페
헤페
헤페
헤페
헤페
헤페
헤페
헤페
헤페
헤페
헤페
헤페
헤페
헤페
헤페
헤페
헤페
헤페
헤페
헤페
헤페
헤페
헤페
헤페
헤페
헤페
헤페
헤페
헤페
헤페
헤페
헤페
헤페
헤페
헤페
헤페
헤페
헤페
헤페
헤페
헤페
헤페
헤페
헤페
헤페
헤페
헤페
헤페
헤페
헤페
헤페
헤페
헤페
헤페
헤페
헤페
헤페
헤페
헤페
헤페
헤페
헤페
헤페
헤페
헤페
헤페
헤페
헤페
헤페
헤페
헤페
헤페
헤페
헤페
헤페
헤페
헤페
헤페
헤페
헤페
헤페
헤페
헤페
헤페
헤페
헤페
헤페
헤페
헤페
헤페
헤페
헤페
헤페
헤페
헤페
헤페
헤페
헤페
헤페
헤페
헤페
헤페
헤페
헤페
헤페
헤페
헤페
헤페
헤페
헤페
헤페
헤페
헤페
헤페
헤페
헤페
헤페
헤페
헤페
헤페
헤페
헤페
헤페
헤페
헤페
헤페
헤페
헤페
헤페
헤페
헤페
헤페
헤페
헤페
헤페
헤페
헤페
헤페
헤페
헤페
헤페
헤페
헤페
헤페
헤페
헤페
헤페
헤페
헤페
헤페
헤페
헤페
헤페
헤페
헤페
헤페
헤페
헤페
헤페
헤페
헤페
헤페
헤페
헤페
헤페
헤페
헤페
헤페
헤페
헤페
헤페
헤페
헤페
헤페
헤페
헤페
헤페
헤페
헤페
헤페
헤페
헤페
헤페
헤페
헤페
헤페
헤페
헤페
헤페
헤페
헤페
헤페
헤페
헤페
헤페
헤페
헤페
헤페
헤페
헤페
헤페
헤페
헤페
헤페
헤페
헤페
헤페
헤페
헤페
헤페
헤페
헤페
헤페
헤페
헤페
헤페
헤페
헤페
헤페
헤페
헤페
헤페
헤페
헤페
헤페
헤페
헤페
헤페
헤페
헤페
헤페
헤페
헤페
헤페
헤페
헤페
헤페
헤페
헤페
헤페
헤페
헤페
헤페
헤페
헤페
헤페
헤페
헤페
헤페
헤페
헤페
헤페
헤페
헤페
헤페
헤페
헤페
헤페
헤페
헤페
헤페
헤페
헤페
헤페
헤페
헤페
헤페
헤페
헤페
헤페
헤페
헤페
헤페
헤페
헤페
헤페
헤페
헤페
헤페
헤페
헤페
헤페
헤페
헤페
헤페
헤페
헤페
헤페
헤페
헤페
헤페
헤페
헤페
헤페
헤페
헤페
헤페
헤페
헤페
헤페
헤페
헤페
헤페
헤페
헤페
헤페
헤페
헤페
헤페
헤페
헤페
헤페
헤페
헤페
헤페
헤페
헤페
헤페
헤페
헤페
헤페
헤페
헤페
헤페
헤페
헤페
헤페
헤페
헤페
헤페
헤페
헤페
헤페
헤페
헤페
헤페
헤페
헤페
헤페
헤페
헤페
헤페
헤페
헤페
헤페
헤페
헤페
헤페
헤페
헤페
헤페
헤페
헤페
헤페
헤페
헤페
헤페
헤페
헤페
헤페
헤페
헤페
헤페
헤페
헤페
헤페
헤페
헤페
헤페
헤페
헤페
헤페
헤페
헤페
헤페
헤페
헤페
헤페
헤페
헤페
헤페
헤페
헤페
헤페
헤페
헤페
헤페
헤페
헤페
헤페
헤페
헤페
헤페
헤페
헤페
헤페
헤페
헤페
헤페
헤페
헤페
헤페
헤페
헤페
헤페
헤페
헤페
헤페
헤페
헤페
헤페
헤페
헤페
헤페
헤페
헤페
헤페
헤페
헤페
헤페
헤페
헤페
헤페
헤페
헤페
헤페
헤페
헤페
헤페
헤페
헤페
헤페
헤페
헤페
헤페
헤페
헤페
헤페
헤페
헤페
헤페
헤페
헤페
헤페
헤페
헤페
헤페
헤페
헤페
헤페
헤페
헤페
헤페
헤페
헤페
헤페
헤페
헤페
헤페
헤페
헤페
헤페
헤페
헤페
헤페
헤페
헤페
헤페
헤페
헤페
헤페
헤페
헤페
헤페
헤페
헤페
헤페
헤페
헤페
헤페
헤페
헤페
헤페
헤페
헤페
헤페
헤페
헤페
헤페
헤페
헤페
헤페
헤페
헤페
헤페
헤페
헤페
헤페
헤페
헤페
헤페
헤페
헤페
헤페
헤페
헤페
헤페
헤페
헤페
헤페
헤페
헤페
헤페
헤페
헤페
헤페
헤페
헤페
헤페
헤페
헤페
헤페
헤페
헤페
헤페
헤페
헤페
헤페
헤페
헤페
헤페
헤페
헤페
헤페
헤페
헤페
헤페
헤페
헤페
헤페
헤페
헤페
헤페
헤페
헤페
헤페
헤페
헤페
헤페
헤페
헤페
헤페
헤페
헤페
헤페
헤페
헤페
헤페
헤페
헤페
헤페
헤페
헤페
헤페
헤페
헤페
헤페
헤페
헤페
헤페
헤페
헤페
헤페
헤페
헤페
헤페
헤페
헤페
헤페
헤페
헤페
헤페
헤페
헤페
헤페
헤페
헤페
헤페
헤페
헤페
헤페
헤페
헤페
헤페
헤페
헤페
헤페
헤페
헤페
헤페
헤페
헤페
헤페
헤페
헤페
헤페
헤페
헤페
헤페
헤페
헤페
헤페
헤페
헤페
헤페
헤페
헤페
헤페
헤페
헤페
헤페
헤페
헤페
헤페
헤페
헤페
헤페
헤페
헤페
헤페
헤페
헤페
헤페
헤페
헤페
헤페
헤페
헤페
헤페
헤페
헤페
헤페
헤페
헤페
헤페
헤페
헤페
헤페
헤페
헤페
헤페
헤페
헤페
헤페
헤페
헤페
헤페
헤페
헤페
헤페
헤페
헤페
헤페
헤페
헤페
헤페
헤페
헤페
헤페
헤페
헤페
헤페
헤페
헤페
헤페
헤페
헤페
헤페
헤페
헤페
헤페
헤페
헤페
헤페
헤페
헤페
헤페
헤페
헤페
헤페
헤페
헤페
헤페
헤페
헤페
헤페
헤페
헤페
헤페
헤페
헤페
헤페
헤페
헤페
헤페
헤페
헤페
헤페
헤페
헤페
헤페
헤페
헤페
헤페
헤페
헤페
헤페
헤페
헤페
헤페
헤페
헤페
헤페
헤페
헤페
헤페
헤페
헤페
헤페
헤페
헤페
헤페
헤페
헤페
헤페
헤페
헤페
헤페
헤페
헤페
헤페
헤페
헤페
헤페
헤페
헤페
헤페
헤페
헤페
헤페
헤페
헤페
헤페
헤페
헤페
헤페
헤페
헤페
헤페
헤페
헤페
헤페
헤페
헤페
헤페
헤페
헤페
헤페
헤페
헤페
헤페
헤페
헤페
헤페
헤페
헤페
헤페
헤페
헤페
헤페
헤페
헤페
헤페
헤페
헤페
헤페
헤페
헤페
헤페
헤페
헤페
헤페
헤페
헤페
헤페
헤페
헤페
헤페
헤페
헤페
헤페
헤페
헤페
헤페
헤페
헤페
헤페
헤페
헤페
헤페
헤페
헤페
헤페
헤페
헤페
헤페
헤페
헤페
헤페
헤페
헤페
헤페
헤페
헤페
헤페
헤페
헤페
헤페
헤페
헤페
헤페
헤페
헤페
헤페
헤페
헤페
헤페
헤페
헤페
헤페
헤페
헤페
헤페
헤페
헤페
헤페
헤페
헤페
헤페
헤페
헤페
헤페
헤페
헤페
헤페
헤페
헤페
헤페
헤페
헤페
헤페
헤페
헤페
헤페
헤페
헤페
헤페
헤페
헤페
헤페
헤페
헤페
헤페
헤페
헤페
헤페
헤페
헤페
헤페
헤페
헤페
헤페
헤페
헤페
헤페
헤페
헤페
헤페
헤페
헤페
헤페
헤페
헤페
헤페
헤페
헤페
헤페
헤페
헤페
헤페
헤페
헤페
헤페
헤페
헤페
헤페
헤페
헤페
헤페
헤페
헤페
헤페
헤페
헤페
헤페
헤페
헤페
헤페
헤페
헤페
헤페
헤페
헤페
헤페
헤페
헤페
헤페
헤페
헤페
헤페
헤페
헤페
헤페
헤페
헤페
헤페
헤페
헤페
헤페
헤페
헤페
헤페
헤페
헤페
헤페
헤페
헤페
헤페
헤페
헤페
헤페
헤페
헤페
헤페
헤페
헤페
헤페
헤페
헤페
헤페
헤페
헤페
헤페
헤페
헤페
헤페
헤페
헤페
헤페
헤페
헤페
헤페
헤페
헤페
헤페
헤페
헤페
헤페
헤페
헤페
헤페
헤페
헤페
헤페
헤페
헤페
헤페
헤페
헤페
헤페
헤페
헤페
헤페
헤페
헤페
헤페
헤페
헤페
헤페
헤페
헤페
헤페
헤페
헤페
헤페
헤페
헤페
헤페
헤페
헤페
헤페
헤페
헤페
헤페
헤페
헤페
헤페
헤페
헤페
헤페
헤페
헤페
헤페
헤페
헤페
헤페
헤페
헤페
헤페
헤페
헤페
헤페
헤페
헤페
헤페
헤페
헤페
헤페
헤페
헤페
헤페
헤페
헤페
헤페
헤페
헤페
헤페
헤페
헤페
헤페
헤페
헤페
헤페
헤페
헤페
헤페
헤페
헤페
헤페
헤페
헤페
헤페
헤페
헤페
헤페
헤페
헤페
헤페
헤페
헤페
헤페
헤페
헤페
헤페
헤페
헤페
헤페
헤페
헤페
헤페
헤페
헤페
헤페
헤페
헤페
헤페
헤페
헤페
헤페
헤페
헤페
헤페
헤페
헤페
헤페
헤페
헤페
헤페
헤페
헤페
헤페
헤페
헤페
헤페
헤페
헤페
헤페
헤페
헤페
헤페
헤페
헤페
헤페
헤페
헤페
헤페
헤페
헤페
헤페
헤페
헤페
헤페
헤페
헤페
헤페
헤페
헤페
헤페
헤페
헤페
헤페
헤페
헤페
헤페
헤페
헤페
헤페
헤페
헤페
헤페
헤페
헤페
헤페
헤페
헤페
헤페
헤페
헤페
헤페
헤페
헤페
헤페
헤페
헤페
헤페
헤페
헤페
헤페
헤페
헤페
헤페
헤페
헤페
헤페
헤페
헤페
헤페
헤페
헤페
헤페
헤페
헤페
헤페
헤페
헤페
헤페
헤페
헤페
헤페
헤페
헤페
헤페
헤페
헤페
헤페
헤페
헤페
헤페
헤페
헤페
헤페
헤페
헤페
헤페
헤페
헤페
헤페
헤페
헤페
헤페
헤페
헤페
헤페
헤페
헤페
헤페
헤페
헤페
헤페
헤페
헤페
헤페
헤페
헤페
헤페
헤페
헤페
헤페
헤페
헤페
헤페
헤페
헤페
헤페
헤페
헤페
헤페
헤페
헤페
헤페
헤페
헤페
헤페
헤페
헤페
헤페
헤페
헤페
헤페
헤페
헤페
헤페
헤페
헤페
헤페
헤페
헤페
헤페
헤페
헤페
헤페
헤페
헤페
헤페
헤페
헤페
헤페
헤페
헤페
헤페
헤페
헤페
헤페
헤페
헤페
헤페
헤페
헤페
헤페
헤페
헤페
헤페
헤페
헤페
헤페
헤페
헤페
헤페
헤페
헤페
헤페
헤페
헤페
헤페
헤페
헤페
헤페
헤페
헤페
헤페
헤페
헤페
헤페
헤페
헤페
헤페
헤페
헤페
헤페
헤페
헤페
헤페
헤페
헤페
헤페
헤페
헤페
헤페
헤페
헤페
헤페
헤페
헤페
헤페
헤페
헤페
헤페
헤페
헤페
헤페
헤페
헤페
헤페
헤페
헤페
헤페
헤페
헤페
헤페
헤페
헤페
헤페
헤페
헤페
헤페
헤페
헤페
헤페
헤페
헤페
헤페
헤페
헤페
헤페
헤페
헤페
헤페
헤페
헤페
헤페
헤페
헤페
헤페
헤페
헤페
헤페
헤페
헤페
헤페
헤페
헤페
헤페
헤페
헤페
헤페
헤페
헤페
헤페
헤페
헤페
헤페
헤페
헤페
헤페
헤페
헤페
헤페
헤페
헤페
헤페
헤페
헤페
헤페
헤페
헤페
헤페
헤페
헤페
헤페
헤페
헤페
헤페
헤페
헤페
헤페
헤페
헤페
헤페
헤페
헤페
헤페
헤페
헤페
헤페
헤페
헤페
헤페
헤페
헤페
헤페
헤페
헤페
헤페
헤페
헤페
헤페
헤페
헤페
헤페
헤페
헤페
헤페
헤페
헤페
헤페
헤페
헤페
헤페
헤페
헤페
헤페
헤페
헤페
헤페
헤페
헤페
헤페
헤페
헤페
헤페
헤페
헤페
헤페
헤페
헤페
헤페
헤페
헤페
헤페
헤페
헤페
헤페
헤페
헤페
헤페
헤페
헤페
헤페
헤페
헤페
헤페
헤페
헤페
헤페
헤페
헤페
헤페
헤페
헤페
헤페
헤페
헤페
헤페
헤페
헤페
헤페
헤페
헤페
헤페
헤페
헤페
헤페
헤페
헤페
헤페
헤페
헤페
헤페
헤페
헤페
헤페
헤페
헤페
헤페
헤페
헤페
헤페
헤페
헤페
헤페
헤페
헤페
헤페
헤페
헤페
헤페
헤페
헤페
헤페
헤페
헤페
헤페
헤페
헤페
헤페
헤페
헤페
헤페
헤페
헤페
헤페
헤페
헤페
헤페
헤페
헤페
헤페
헤페
헤페
헤페
헤페
헤페
헤페
헤페
헤페
헤페
헤페
헤페
헤페
헤페
헤페
헤페
헤페
헤페
헤페
헤페
헤페
헤페
헤페
헤페
헤페
헤페
헤페
헤페
헤페
헤페
헤페
헤페
헤페
헤페
헤페
헤페
헤페
헤페
헤페
헤페
헤페
헤페
헤페
헤페
헤페
헤페
헤페
헤페
헤페
헤페
헤페
헤페
헤페
헤페
헤페
헤페
헤페
헤페
헤페
헤페
헤페
헤페
헤페
헤페
헤페
헤페
헤페
헤페
헤페
헤페
헤페
헤페
헤페
헤페
헤페
헤페
헤페
헤페
헤페
헤페
헤페
헤페
헤페
헤페
헤페
헤페
헤페
헤페
헤페
헤페
헤페
헤페
헤페
헤페
헤페
헤페
헤페
헤페
헤페
헤페
헤페
헤페
헤페
헤페
헤페
헤페
헤페
헤페
헤페
헤페
헤페
헤페
헤페
헤페
헤페
헤페
헤페
헤페
헤페
헤페
헤페
헤페
헤페
헤페
헤페
헤페
헤페
헤페
헤페
헤페
헤페
헤페
헤페
헤페
헤페
헤페
헤페
헤페
헤페
헤페
헤페
헤페
헤페
헤페
헤페
헤페
헤페
헤페
헤페
헤페
헤페
헤페
헤페
헤페
헤페
헤페
헤페
헤페
헤페
헤페
헤페
헤페
헤페
헤페
헤페
헤페
헤페
헤페
헤페
헤페
헤페
헤페
헤페
헤페
헤페
헤페
헤페
헤페
헤페
헤페
헤페
헤페
헤페
헤페
헤페
헤페
헤페
헤페
헤페
헤페
헤페
헤페
헤페
헤페
헤페
헤페
헤페
헤페
헤페
헤페
헤페
헤페
헤페
헤페
헤페
헤페
헤페
헤페
헤페
헤페
헤페
헤페
헤페
헤페
헤페
헤페
헤페
헤페
헤페
헤페
헤페
헤페
헤페
헤페
헤페
헤페
헤페
헤페
헤페
헤페
헤페
헤페
헤페
헤페
헤페
헤페
헤페
헤페
헤페
헤페
헤페
헤페
헤페
헤페
헤페
헤페
헤페
헤페
헤페
헤페
헤페
헤페
헤페
헤페
헤페
헤페
헤페
헤페
헤페
헤페
헤페
헤페
헤페
헤페
헤페
헤페
헤페
헤페
헤페
헤페
헤페
헤페
헤페
헤페
헤페
헤페
헤페
헤페
헤페
헤페
헤페
헤페
헤페
헤페
헤페
헤페
헤페
헤페
헤페
헤페
헤페
헤페
헤페
헤페
헤페
헤페
헤페
헤페
헤페
헤페
헤페
헤페
헤페
헤페
헤페
헤페
헤페
헤페
헤페
헤페
헤페
헤페
헤페
헤페
헤페
헤페
헤페
헤페
헤페
헤페
헤페
헤페
헤페
헤페
헤페
헤페
헤페
헤페
헤페
헤페
헤페
헤페
헤페
헤페
헤페
헤페
헤페
헤페
헤페
호가든
호가든
호가든
호가든
호가든
호가든
호가든
호가든
호가든
호가든
호가든
호가든
호가든
호가든
호가든
호가든
호가든
호가든
호가든
호가든
호가든
호가든
호가든
호가든
호가든
호가든
호가든
호가든
호가든
호가든
호가든
호가든
호가든
호가든
호가든
호가든
호가든
호가든
호가든
호가든
호가든
호가든
호가든
호가든
호가든
호가든
호가든
호가든
호가든
호가든
호가든
호가든
호가든
호가든
호가든
호가든
호가든
호가든
호가든
호가든
호가든
호가든
호가든
호가든
호가든
호가든
호가든
호가든
호가든
호가든
호가든
호가든
호가든
호가든
호가든
호가든
호가든
호가든
호가든
호가든
호가든
호가든
호가든
호가든
호가든
호가든
호가든
호가든
호가든
호가든
호가든
호가든
호가든
호가든
호가든
호가든
호가든
호가든
호가든
호가든
호가든
호가든
호가든
호가든
호가든
호가든
호가든
호가든
호가든
호가든
호가든
호가든
호가든
호가든
호가든
호가든
호가든
호가든
호가든
호가든
호가든
호가든
호가든
호가든
호가든
호가든
호가든
호가든
호가든
호가든
호가든
호가든
호가든
호가든
호가든
호가든
호가든
호가든
호가든
호가든
호가든
호가든
호가든
호가든
호가든
호가든
호가든
호가든
호가든
호가든
호가든
호가든
호가든
호가든
호가든
호가든
호가든
호가든
호가든
호가든
호가든
호가든
호가든
호가든
호가든
호가든
호가든
호가든
호가든
호가든
호가든
호가든
호가든
호가든
호가든
호가든
호가든
호가든
호가든
호가든
호가든
호가든
호가든
호가든
호가든
호가든
호가든
호가든
호가든
호가든
호가든
호가든
호가든
호가든
호가든
호가든
호가든
호가든
호가든
호가든
호가든
호가든
호가든
호가든
호가든
호가든
호가든
호가든
호가든
호가든
호가든
호가든
호가든
호가든
호가든
호가든
호가든
호가든
호가든
호가든
호가든
호가든
호가든
호가든
호가든
호가든
호가든
호가든
호가든
호가든
호가든
호가든
호가든
호가든
호가든
호가든
호가든
호가든
호가든
호가든
호가든
호가든
호가든
호가든
호가든
호가든
호가든
호가든
호가든
호가든
호가든
호가든
호가든
호가든
호가든
호가든
호가든
호가든
호가든
호가든
호가든
호가든
호가든
호가든
호가든
호가든
호가든
호가든
호가든
호가든
호가든
호가든
호가든
호가든
호가든
호가든
호가든
호가든
호가든
호가든
호가든
호가든
호가든
호가든
호가든
호가든
호가든
호가든
호가든
호가든
호가든
호가든
호가든
호가든
호가든
호가든
호가든
호가든
호가든
호가든
호가든
호가든
호가든
호가든
호가든
호가든
호가든
호가든
호가든
호가든
호가든
호가든
호가든
호가든
호가든
호가든
호가든
호가든
호가든
호가든
호가든
호가든
호가든
호가든
호가든
호가든
호가든
호가든
호가든
호가든
호가든
호가든
호가든
호가든
호가든
호가든
호가든
호가든
호가든
호가든
호가든
호가든
호가든
호가든
호가든
호가든
호가든
호가든
호가든
호가든
호가든
호가든
호가든
호가든
호가든
호가든
호가든
호가든
호가든
호가든
호가든
호가든
호가든
호가든
호가든
호가든
호가든
호가든
호가든
호가든
호가든
호가든
호가든
호가든
호가든
호가든
호가든
호가든
호가든
호가든
호가든
호가든
호가든
호가든
호가든
호가든
호가든
호가든
호가든
호가든
호가든
호가든
호가든
호가든
호가든
호가든
호가든
호가든
호가든
호가든
호가든
호가든
호가든
호가든
호가든
호가든
호가든
호가든
호가든
호가든
호가든
호가든
호가든
호가든
호가든
호가든
호가든
호가든
호가든
호가든
호가든
호가든
호가든
호가든
호가든
호가든
호가든
호가든
호가든
호가든
호가든
호가든
호가든
호가든
호가든
호가든
호가든
호가든
호가든
호가든
호가든
호가든
호가든
호가든
호가든
호가든
호가든
호가든
호가든
호가든
호가든
호가든
호가든
호가든
호가든
호가든
호가든
호가든
호가든
호가든
호가든
호가든
호가든
호가든
호가든
호가든
호가든
호가든
호가든
호가든
호가든
호가든
호가든
호가든
호가든
호가든
호가든
호가든
호가든
호가든
호가든
호가든
호가든
호가든
호가든
호가든
호가든
호가든
호가든
호가든
호가든
호가든
호가든
호가든
호가든
호가든
호가든
호가든
호가든
호가든
호가든
호가든
호가든
호가든
호가든
호가든
호가든
호가든
호가든
호가든
호가든
호가든
호가든
호가든
호가든
호가든
호가든
호가든
호가든
호가든
호가든
호가든
호가든
호가든
호가든
호가든
호가든
호가든
호가든
호가든
호가든
호가든
호가든
호가든
호가든
호가든
호가든
호가든
호가든
호가든
호가든
호가든
호가든
호가든
호가든
호가든
호가든
호가든
호가든
호가든
호가든
호가든
호가든
호가든
호가든
호가든
호가든
호가든
호가든
호가든
호가든
호가든
호가든
호가든
호가든
호가든
호가든
호가든
호가든
호가든
호가든
호가든
호가든
호가든
호가든
호가든
호가든
호가든
호가든
호가든
호가든
호가든
호가든
호가든
호가든
호가든
호가든
호가든
호가든
호가든
호가든
호가든
호가든
호가든
호가든
호가든
호가든
호가든
호가든
호가든
호가든
호가든
호가든
호가든
호가든
호가든
호가든
호가든
호가든
호가든
호가든
호가든
호가든
호가든
호가든
호가든
호가든
호가든
호가든
호가든
호가든
호가든
호가든
호가든
호가든
호가든
호가든
호가든
호가든
호가든
호가든
호가든
호가든
호가든
호가든
호가든
호가든
호가든
호가든
호가든
호가든
호가든
호가든
호가든
호가든
호가든
호가든
호가든
호가든
호가든
호가든
호가든
호가든
호가든
호가든
호가든
호가든
호가든
호가든
호가든
호가든
호가든
호가든
호가든
호가든
호가든
호가든
호가든
호가든
호가든
호가든
호가든
호가든
호가든
호가든
호가든
호가든
호가든
호가든
호가든
호가든
호가든
호가든
호가든
호가든
호가든
호가든
호가든
호가든
호가든
호가든
호가든
호가든
호가든
호가든
호가든
호가든
호가든
호가든
호가든
호가든
호가든
호가든
호가든
호가든
호가든
호가든
호가든
호가든
호가든
호가든
호가든
호가든
호가든
호가든
호가든
호가든
호가든
호가든
호가든
호가든
호가든
호가든
호가든
호가든
호가든
호가든
호가든
호가든
호가든
호가든
호가든
호가든
호가든
호가든
호가든
호가든
호가든
호가든
호가든
호가든
호가든
호가든
호가든
호가든
호가든
호가든
호가든
호가든
호가든
호가든
호가든
호가든
호가든
호가든
호가든
호가든
호가든
호가든
호가든
호가든
호가든
호가든
호가든
호가든
호가든
호가든
호가든
호가든
호가든
호가든
호가든
호가든
호가든
호가든
호가든
호가든
호가든
호가든
호가든
호가든
호가든
호가든
호가든
호가든
호가든
호가든
호가든
호가든
호가든
호가든
호가든
호가든
호가든
호가든
호가든
호가든
호가든
호가든
호가든
호가든
호가든
호가든
호가든
호가든
호가든
호가든
호가든
호가든
호가든
호가든
호가든
호가든
호가든
호가든
호가든
호가든
호가든
호가든
호가든
호가든
호가든
호가든
호가든
호가든
호가든
호가든
호가든
호가든
호가든
호가든
호가든
호가든
호가든
호가든
호가든
호가든
호가든
호가든
호가든
호가든
호가든
호가든
호가든
호가든
호가든
호가든
호가든
호가든
호가든
호가든
호가든
호가든
호가든
호가든
호가든
호가든
호가든
호가든
호가든
호가든
호가든
호가든
호가든
호가든
호가든
호가든
호가든
호가든
호가든
호가든
호가든
호가든
호가든
호가든
호가든
호가든
호가든
호가든
호가든
호가든
호가든
호가든
호가든
호가든
호가든
호가든
호가든
호가든
호가든
호가든
호가든
호가든
호가든
호가든
호가든
호가든
호가든
호가든
호가든
호가든
호가든
호가든
호가든
호가든
호가든
호가든
호가든
호가든
호가든
호가든
호가든
호가든
호가든
호가든
호가든
호가든
호가든
호가든
호가든
호가든
호가든
호가든
호가든
호가든
호가든
호가든
호가든
호가든
호가든
호가든
호가든
호가든
호가든
호가든
호가든
호가든
호가든
호가든
호가든
호가든
호가든
호가든
호가든
호가든
호가든
호가든
호가든
호가든
호가든
호가든
호가든
호가든
호가든
호가든
호가든
호가든
호가든
호가든
호가든
호가든
호가든
호가든
호가든
호가든
호가든
호가든
호가든
호가든
호가든
호가든
호가든
호가든
호가든
호가든
호가든
호가든
호가든
호가든
호가든
호가든
호가든
호가든
호가든
호가든
호가든
호가든
호가든
호가든
호가든
호가든
호가든
호가든
호가든
호가든
호가든
호가든
호가든
호가든
호가든
호가든
호가든
호가든
호가든
호가든
호가든
호가든
호가든
호가든
호가든
호가든
호가든
호가든
호가든
호가든
호가든
호가든
호가든
호가든
호가든
호가든
호가든
호가든
호가든
호가든
호가든
호가든
호가든
호가든
호가든
호가든
호가든
호가든
호가든
호가든
호가든
호가든
호가든
호가든
호가든
호가든
호가든
호가든
호가든
호가든
호가든
호가든
호가든
호가든
호가든
호가든
호가든
호가든
호가든
호가든
호가든
호가든
호가든
호가든
호가든
호가든
호가든
호가든
호가든
호가든
호가든
호가든
호가든
호가든
호가든
호가든
호가든
호가든
호가든
호가든
호가든
호가든
호가든
호가든
호가든
호가든
호가든
호가든
호가든
호가든
호가든
호가든
호가든
호가든
호가든
호가든
호가든
호가든
호가든
호가든
호가든
호가든
호가든
호가든
호가든
호가든
호가든
호가든
호가든
호가든
호가든
호가든
호가든
호가든
호가든
호가든
호가든
호가든
호가든
호가든
호가든
호가든
호가든
호가든
호가든
호가든
호가든
호가든
호가든
호가든
호가든
호가든
호가든
호가든
호가든
호가든
호가든
호가든
호가든
호가든
호가든
호가든
호가든
호가든
호가든
호가든
호가든
호가든
호가든
호가든
호가든
호가든
호가든
호가든
호가든
호가든
호가든
호가든
호가든
호가든
호가든
호가든
호가든
호가든
호가든
호가든
호가든
호가든
호가든
호가든
호가든
호가든
호가든
호가든
호가든
호가든
호가든
호가든
호가든
호가든
호가든
호가든
호가든
호가든
호가든
호가든
호가든
호가든
호가든
호가든
호가든
호가든
호가든
호가든
호가든
호가든
호가든
호가든
호가든
호가든
호가든
호가든
호가든
호가든
호가든
호가든
호가든
호가든
호가든
호가든
호가든
호가든
호가든
호가든
호가든
호가든
호가든
호가든
호가든
호가든
호가든
호가든
호가든
호가든
호가든
호가든
호가든
호가든
호가든
호가든
호가든
호가든
호가든
호가든
호가든
호가든
호가든
호가든
호가든
호가든
호가든
호가든
호가든
호가든
호가든
호가든
호가든
호가든
호가든
호가든
호가든
호가든
호가든
호가든
호가든
호가든
호가든
호가든
호가든
호가든
호가든
호가든
호가든
호가든
호가든
호가든
호가든
호가든
호가든
호가든
호가든
호가든
호가든
호가든
호가든
호가든
호가든
호가든
호가든
호가든
호가든
호가든
호가든
호가든
호가든
호가든
호가든
호가든
호가든
호가든
호가든
호가든
호가든
호가든
호가든
호가든
호가든
호가든
호가든
호가든
호가든
호가든
호가든
호가든
호가든
호가든
호가든
호가든
호가든
호가든
호가든
호가든
호가든
호가든
호가든
호가든
호가든
호가든
호가든
호가든
호가든
호가든
호가든
호가든
호가든
호가든
호가든
호가든
호가든
호가든
호가든
호가든
호가든
호가든
호가든
호가든
호가든
호가든
호가든
호가든
호가든
호가든
호가든
호가든
호가든
호가든
호가든
호가든
호가든
호가든
호가든
호가든
호가든
호가든
호가든
호가든
호가든
호가든
호가든
호가든
호가든
호가든
호가든
호가든
호가든
호가든
호가든
호가든
호가든
호가든
호가든
호가든
호가든
호가든
호가든
호가든
호가든
호가든
호가든
호가든
호가든
호가든
호가든
호가든
호가든
호가든
호가든
호가든
호가든
호가든
호가든
호가든
호가든
호가든
호가든
호가든
호가든
호가든
호가든
호가든
호가든
호가든
호가든
호가든
호가든
호가든
호가든
호가든
호가든
호가든
호가든
호가든
호가든
호가든
호가든
호가든
호가든
호가든
호가든
호가든
호가든
호가든
호가든
호가든
호가든
호가든
호가든
호가든
호가든
호가든
호가든
호가든
호가든
호가든
호가든
호가든
호가든
호가든
호가든
호가든
호가든
호가든
호가든
호가든
호가든
호가든
호가든
호가든
호가든
호가든
호가든
호가든
호가든
호가든
호가든
호가든
호가든
호가든
호가든
호가든
호가든
호가든
호가든
호가든
호가든
호가든
호가든
호가든
호가든
호가든
호가든
호가든
호가든
호가든
호가든
호가든
호가든
호가든
호가든
호가든
호가든
호가든
호가든
호가든
호가든
호가든
호가든
호가든
호가든
호가든
호가든
호가든
호가든
호가든
호가든
호가든
호가든
호가든
호가든
호가든
호가든
호가든
호가든
호가든
호가든
호가든
호가든
호가든
호가든
호가든
호가든
호가든
호가든
호가든
호가든
호가든
호가든
호가든
호가든
호가든
호가든
호가든
호가든
호가든
호가든
호가든
호가든
호가든
호가든
호가든
호가든
호가든
호가든
호가든
호가든
호가든
호가든
호가든
호가든
호가든
호가든
호가든
호가든
호가든
호가든
호가든
호가든
호가든
호가든
호가든
호가든
호가든
호가든
호가든
호가든
호가든
호가든
호가든
호가든
호가든
호가든
호가든
호가든
호가든
호가든
호가든
호가든
호가든
호가든
호가든
호가든
호가든
호가든
호가든
호가든
호가든
호가든
호가든
호가든
호가든
호가든
호가든
호가든
호가든
호가든
호가든
호가든
호가든
호가든
호가든
호가든
호가든
호가든
호가든
호가든
호가든
호가든
호가든
호가든
호가든
호가든
호가든
호가든
호가든
호가든
호가든
호가든
호가든
호가든
호가든
호가든
호가든
호가든
호가든
호가든
호가든
호가든
호가든
호가든
호가든
호가든
호가든
호가든
호가든
호가든
호가든
호가든
호가든
호가든
호가든
호가든
호가든
호가든
호가든
호가든
호가든
호가든
호가든
호가든
호가든
호가든
호가든
호가든
호가든
호가든
호가든
호가든
호가든
호가든
호가든
호가든
호가든
호가든
호가든
호가든
호가든
호가든
호가든
호가든
호가든
호가든
호가든
호가든
호가든
호가든
호가든
호가든
호가든
호가든
호가든
호가든
호가든
호가든
호가든
호가든
호가든
호가든
호가든
호가든
호가든
호가든
호가든
호가든
호가든
호가든
호가든
호가든
호가든
호가든
호가든
호가든
호가든
호가든
호가든
호가든
호가든
호가든
호가든
호가든
호가든
호가든
호가든
호가든
호가든
호가든
호가든
호가든
호가든
호가든
호가든
호가든
호가든
호가든
호가든
호가든
호가든
호가든
호가든
호가든
호가든
호가든
호가든
호가든
호가든
호가든
호가든
호가든
호가든
호가든
호가든
호가든
호가든
호가든
호가든
호가든
호가든
호가든
호가든
호가든
호가든
호가든
호가든
호가든
호가든
호가든
호가든
호가든
호가든
호가든
호가든
호가든
호가든
호가든
호가든
호가든
호가든
호가든
호가든
호가든
호가든
호가든
호가든
호가든
호가든
호가든
호가든
호가든
호가든
호가든
호가든
호가든
호가든
호가든
호가든
호가든
호가든
호가든
호가든
호가든
호가든
호가든
호가든
호가든
호가든
호가든
호가든
호가든
호가든
호가든
호가든
호가든
호가든
호가든
호가든
호가든
호가든
호가든
호가든
호가든
호가든
호가든
호가든
호가든
호가든
호가든
호가든
호가든
호가든
호가든
호가든
호가든
호가든
호가든
호가든
호가든
호가든
호가든
호가든
호가든
호가든
호가든
호가든
호가든
호가든
호가든
호가든
호가든
호가든
호가든
호가든
호가든
호가든
호가든
호가든
호가든
호가든
호가든
호가든
호가든
호가든
호가든
호가든
호가든
호가든
호가든
호가든
호가든
호가든
호가든
호가든
호가든
호가든
호가든
호가든
호가든
호가든
호가든
호가든
호가든
호가든
호가든
호가든
호가든
호가든
호가든
호가든
호가든
호가든
호가든
호가든
호가든
호가든
호가든
호가든
호가든
호가든
호가든
호가든
호가든
호가든
호가든
호가든
호가든
호가든
호가든
호가든
호가든
호가든
호가든
호가든
호가든
호가든
호가든
호가든
호가든
호가든
호가든
호가든
호가든
호가든
호가든
호가든
호가든
호가든
호가든
호가든
호가든
호가든
호가든
호가든
호가든
호가든
호가든
호가든
호가든
호가든
호가든
호가든
호가든
호가든
호가든
호가든
호가든
호가든
호가든
호가든
호가든
호가든
호가든
호가든
호가든
호가든
호가든
호가든
호가든
호가든
호가든
호가든
호가든
호가든
호가든
호가든
호가든
호가든
호가든
호가든
호가든
호가든
호가든
호가든
호가든
호가든
호가든
호가든
호가든
호가든
호가든
호가든
호가든
호가든
호가든
호가든
호가든
호가든
호가든
호가든
호가든
호가든
호가든
호가든
호가든
호가든
호가든
호가든
호가든
호가든
호가든
호가든
호가든
호가든
호가든
호가든
호가든
호가든
호가든
호가든
호가든
호가든
호가든
호가든
호가든
호가든
호가든
호가든
호가든
호가든
호가든
호가든
호가든
호가든
호가든
호가든
호가든
호가든
호가든
호가든
호가든
호가든
호가든
호가든
호가든
호가든
호가든
호가든
호가든
호가든
호가든
호가든
호가든
호가든
호가든
호가든
호가든
호가든
호가든
호가든
호가든
호가든
호가든
호가든
호가든
호가든
호가든
호가든
호가든
호가든
호가든
호가든
호가든
호가든
호가든
호가든
호가든
호가든
호가든
호가든
호가든
호가든
호가든
호가든
호가든
호가든
호가든
호가든
호가든
호가든
호가든
호가든
호가든
호가든
호가든
호가든
호가든
호가든
호가든
호가든
호가든
호가든
호가든
호가든
호가든
호가든
호가든
호가든
호가든
호가든
호가든
호가든
호가든
호가든
호가든
호가든
호가든
호가든
호가든
호가든
호가든
호가든
호가든
호가든
호가든
호가든
호가든
호가든
호가든
호가든
호가든
호가든
호가든
호가든
호가든
호가든
호가든
호가든
호가든
호가든
호가든
호가든
호가든
호가든
호가든
호가든
호가든
호가든
호가든
호가든
호가든
호가든
호가든
호가든
호가든
호가든
호가든
호가든
호가든
호가든
호가든
호가든
호가든
호가든
호가든
호가든
호가든
호가든
호가든
호가든
호가든
호가든
호가든
호가든
호가든
호가든
호가든
호가든
호가든
호가든
호가든
호가든
호가든
호가든
호가든
호가든
호가든
호가든
호가든
호가든
호가든
호가든
호가든
호가든
호가든
호가든
호가든
호가든
호가든
호가든
호가든
호가든
호가든
호가든
호가든
호가든
호가든
호가든
호가든
호가든
호가든
호가든
호가든
호가든
호가든
호가든
호가든
호가든
호가든
호가든
호가든
호가든
호가든
호가든
호가든
호가든
호가든
호가든
호가든
호가든
호가든
호가든
호가든
호가든
호가든
호가든
호가든
호가든
호가든
호가든
호가든
호가든
호가든
호가든
호가든
호가든
호가든
호가든
호가든
호가든
호가든
호가든
호가든
호가든
호가든
호가든
호가든
호가든
호가든
호가든
호가든
호가든
호가든
호가든
호가든
호가든
호가든
호가든
호가든
호가든
호가든
호가든
호가든
호가든
호가든
호가든
호가든
호가든
호가든
호가든
호가든
호가든
호가든
호가든
호가든
호가든
호가든
호가든
호가든
호가든
호가든
호가든
호가든
호가든
호가든
호가든
호가든
호가든
호가든
호가든
호가든
호가든
호가든
호가든
호가든
호가든
호가든
호가든
호가든
호가든
호가든
호가든
호가든
호가든
호가든
호가든
호가든
호가든
호가든
호가든
호가든
호가든
호가든
호가든
호가든
호가든
호가든
호가든
호가든
호가든
호가든
호가든
호가든
호가든
호가든
호가든
호가든
호가든
호가든
호가든
호가든
호가든
호가든
호가든
호가든
호가든
호가든
호가든
호가든
호가든
호가든
호가든
호가든
호가든
호가든
호가든
호가든
호가든
호가든
호가든
호가든
호가든
호가든
호가든
호가든
호가든
호가든
호가든
호가든
호가든
호가든
호가든
호가든
호가든
호가든
호가든
호가든
호가든
호가든
호가든
호가든
호가든
호가든
호가든
호가든
호가든
호가든
호가든
호가든
호가든
호가든
호가든
호가든
호가든
호가든
호가든
호가든
호가든
호가든
호가든
호가든
호가든
호가든
호가든
호가든
호가든
호가든
호가든
호가든
호가든
호가든
호가든
호가든
호가든
호가든
호가든
호가든
호가든
호가든
호가든
호가든
호가든
호가든
호가든
호가든
호가든
호가든
호가든
호가든
호가든
호가든
호가든
호가든
호가든
호가든
호가든
호가든
호가든
호가든
호가든
호가든
호가든
호가든
호가든
호가든
호가든
호가든
호가든
호가든
호가든
호가든
호가든
호가든
호가든
호가든
호가든
호가든
호가든
호가든
호가든
호가든
호가든
호가든
호가든
호가든
호가든
호가든
호가든
호가든
호가든
호가든
호가든
호가든
호가든
호가든
호가든
호가든
호가든
호가든
호가든
호가든
호가든
호가든
호가든
호가든
호가든
호가든
호가든
호가든
호가든
호가든
호가든
호가든
호가든
호가든
호가든
호가든
호가든
호가든
호가든
호가든
호가든
호가든
호가든
호가든
호가든
호가든
호가든
호가든
호가든
호가든
호가든
호가든
호가든
호가든
호가든
호가든
호가든
호가든
호가든
호가든
호가든
호가든
호가든
호가든
호가든
호가든
호가든
호가든
호가든
호가든
호가든
호가든
호가든
호가든
호가든
호가든
호가든
호가든
호가든
호가든
호가든
호가든
호가든
호가든
호가든
호가든
호가든
호가든
호가든
호가든
호가든
호가든
호가든
호가든
호가든
호가든
호가든
호가든
호가든
호가든
호가든
호가든
호가든
호가든
호가든
호가든
호가든
호가든
호가든
호가든
호가든
호가든
호가든
호가든
호가든
호가든
호가든
호가든
호가든
호가든
호가든
호가든
호가든
호가든
호가든
호가든
호가든
호가든
호가든
호가든
호가든
호가든
호가든
호가든
호가든
호가든
호가든
호가든
호가든
호가든
호가든
호가든
호가든
호가든
호가든
호가든
호가든
호가든
호가든
호가든
호가든
호가든
호가든
호가든
호가든
호가든
호가든
호가든
호가든
호가든
호가든
호가든
호가든
호가든
호가든
호가든
호가든
호가든
호가든
호가든
호가든
호가든
호가든
호가든
호가든
호가든
호가든
호가든
호가든
호가든
호가든
호가든
호가든
호가든
호가든
호가든
호가든
호가든
호가든
호가든
호가든
호가든
호가든
호가든
호가든
호가든
호가든
호가든
호가든
호가든
호가든
호가든
호가든
호가든
호가든
호가든
호가든
호가든
호가든
호가든
호가든
호가든
호가든
호가든
호가든
호가든
호가든
호가든
호가든
호가든
호가든
호가든
호가든
호가든
호가든
호가든
호가든
호가든
호가든
호가든
호가든
호가든
호가든
호가든
호가든
호가든
호가든
호가든
호가든
호가든
호가든
호가든
호가든
호가든
호가든
호가든
호가든
호가든
호가든
호가든
호가든
호가든
호가든
호가든
호가든
호가든
호가든
호가든
호가든
호가든
호가든
호가든
호가든
호가든
호가든
호가든
호가든
호가든
호가든
호가든
호가든
호가든
호가든
호가든
호가든
호가든
호가든
호가든
호가든
호가든
호가든
호가든
호가든
호가든
호가든
호가든
호가든
호가든
호가든
호가든
호가든
호가든
호가든
호가든
호가든
호가든
호가든
호가든
호가든
호가든
호가든
호가든
호가든
호가든
호가든
호가든
호가든
호가든
호가든
호가든
호가든
호가든
호가든
호가든
호가든
호가든
호가든
호가든
호가든
호가든
호가든
호가든
호가든
호가든
호가든
호가든
호가든
호가든
호가든
호가든
호가든
호가든
호가든
호가든
호가든
호가든
호가든
호가든
호가든
호가든
호가든
호가든
호가든
호가든
호가든
호가든
호가든
호가든
호가든
호가든
호가든
호가든
호가든
호가든
호가든
호가든
호가든
호가든
호가든
호가든
호가든
호가든
호가든
호가든
호가든
호가든
호가든
호가든
호가든
호가든
호가든
호가든
호가든
호가든
호가든
호가든
호가든
호가든
호가든
호가든
호가든
호가든
호가든
호가든
호가든
호가든
호가든
호가든
호가든
호가든
호가든
호가든
호가든
호가든
호가든
호가든
호가든
호가든
호가든
호가든
호가든
호가든
호가든
호가든
호가든
호가든
호가든
호가든
호가든
호가든
호가든
호가든
호가든
호가든
호가든
호가든
호가든
호가든
호가든
호가든
호가든
호가든
호가든
호가든
호가든
호가든
호가든
호가든
호가든
호가든
호가든
호가든
호가든
호가든
호가든
호가든
호가든
호가든
호가든
호가든
호가든
호가든
호가든
호가든
호가든
호가든
호가든
호가든
호가든
호가든
호가든
호가든
호가든
호가든
호가든
호가든
호가든
호가든
호가든
호가든
호가든
호가든
호가든
호가든
호가든
호가든
호가든
호가든
호가든
호가든
호가든
호가든
호가든
호가든
호가든
호가든
호가든
호가든
호가든
호가든
호가든
호가든
호가든
호가든
호가든
호가든
호가든
호가든
호가든
호가든
호가든
호가든
호가든
호가든
호가든
호가든
호가든
호가든
호가든
호가든
호가든
호가든
호가든
호가든
호가든
호가든
호가든
호가든
호가든
호가든
호가든
호가든
호가든
호가든
호가든
호가든
호가든
호가든
호가든
호가든
호가든
호가든
호가든
호가든
호가든
호가든
호가든
호가든
호가든
호가든
호가든
호가든
호가든
호가든
호가든
호가든
호가든
호가든
호가든
호가든
호가든
호가든
호가든
호가든
호가든
호가든
호가든
호가든
호가든
호가든
호가든
호가든
호가든
호가든
호가든
호가든
호가든
호가든
호가든
호가든
호가든
호가든
호가든
호가든
호가든
호가든
호가든
호가든
호가든
호가든
호가든
호가든
호가든
호가든
호가든
호가든
호가든
호가든
호가든
호가든
호가든
호가든
호가든
호가든
호가든
호가든
호가든
호가든
호가든
호가든
호가든
호가든
호가든
호가든
호가든
호가든
호가든
호가든
호가든
호가든
호가든
호가든
호가든
호가든
호가든
호가든
호가든
호가든
호가든
호가든
호가든
호가든
호가든
호가든
호가든
호가든
호가든
호가든
호가든
호가든
호가든
호가든
호가든
호가든
호가든
호가든
호가든
호가든
호가든
호가든
호가든
호가든
호가든
호가든
호가든
호가든
호가든
호가든
호가든
호가든
호가든
호가든
호가든
호가든
호가든
호가든
호가든
호가든
호가든
호가든
호가든
호가든
호가든
호가든
호가든
호가든
호가든
호가든
호가든
호가든
호가든
호가든
호가든
호가든
호가든
호가든
호가든
호가든
호가든
호가든
호가든
호가든
호가든
호가든
호가든
호가든
호가든
호가든
호가든
호가든
호가든
호가든
호가든
호가든
호가든
호가든
호가든
호가든
호가든
호가든
호가든
호가든
호가든
호가든
호가든
호가든
호가든
호가든
호가든
호가든
호가든
호가든
호가든
호가든
호가든
호가든
호가든
호가든
호가든
호가든
호가든
호가든
호가든
호가든
호가든
호가든
호가든
호가든
호가든
호가든
호가든
호가든
호가든
호가든
호가든
호가든
호가든
호가든
호가든
호가든
호가든
호가든
호가든
호가든
호가든
호가든
호가든
호가든
호가든
호가든
호가든
호가든
호가든
호가든
호가든
호가든
호가든
호가든
호가든
호가든
호가든
호가든
호가든
호가든
호가든
호가든
호가든
호가든
호가든
호가든
호가든
호가든
호가든
호가든
호가든
호가든
호가든
호가든
호가든
호가든
호가든
호가든
호가든
호가든
호가든
호가든
호가든
호가든
호가든
호가든
호가든
호가든
호가든
호가든
호가든
호가든
호가든
호가든
호가든
호가든
호가든
호가든
호가든
호가든
호가든
호가든
호가든
호가든
호가든
호가든
호가든
호가든
호가든
호가든
호가든
호가든
호가든
호가든
호가든
호가든
호가든
호가든
호가든
호가든
호가든
호가든
호가든
호가든
호가든
호가든
호가든
호가든
호가든
호가든
호가든
호가든
호가든
호가든
호가든
호가든
호가든
호가든
호가든
호가든
호가든
호가든
호가든
호가든
호가든
호가든
호가든
호가든
호가든
호가든
호가든
호가든
호가든
호가든
호가든
호가든
호가든
호가든
호가든
호가든
호가든
호가든
호가든
호가든
호가든
호가든
호가든
호가든
호가든
호가든
호가든
호가든
호가든
호가든
호가든
호가든
호가든
호가든
호가든
호가든
호가든
호가든
호가든
호가든
호가든
호가든
호가든
호가든
호가든
호가든
호가든
호가든
호가든
호가든
호가든
호가든
호가든
호가든
호가든
호가든
호가든
호가든
호가든
호가든
호가든
호가든
호가든
호가든
호가든
호가든
호가든
호가든
호가든
호가든
호가든
호가든
호가든
호가든
호가든
호가든
호가든
호가든
호가든
호가든
호가든
호가든
호가든
호가든
호가든
호가든
호가든
호가든
호가든
호가든
호가든
호가든
호가든
호가든
호가든
호가든
호가든
호가든
호가든
호가든
호가든
호가든
호가든
호가든
호가든
호가든
호가든
호가든
호가든
호가든
호가든
호가든
호가든
호가든
호가든
호가든
호가든
호가든
호가든
호가든
호가든
호가든
호가든
호가든
호가든
호가든
호가든
호가든
호가든
호가든
호가든
호가든
호가든
호가든
호가든
호가든
호가든
호가든
호가든
호가든
호가든
호가든
호가든
호가든
호가든
호가든
호가든
호가든
호가든
호가든
호가든
호가든
호가든
호가든
호가든
호가든
호가든
호가든
호가든
호가든
호가든
호가든
호가든
호가든
호가든
호가든
호가든
호가든
호가든
호가든
호가든
호가든
호가든
호가든
호가든
호가든
호가든
호가든
호가든
호가든
호가든
호가든
호가든
호가든
호가든
호가든
호가든
호가든
호가든
호가든
호가든
호가든
호가든
호가든
호가든
호가든
호가든
호가든
호가든
호가든
호가든
호가든
호가든
호가든
호가든
호가든
호가든
호가든
호가든
호가든
호가든
호가든
호가든
호가든
호가든
호가든
호가든
호가든
호가든
호가든
호가든
호가든
호가든
호가든
호가든
호가든
호가든
호가든
호가든
호가든
호가든
호가든
호가든
호가든
호가든
호가든
호가든
호가든
호가든
호가든
호가든
호가든
호가든
호가든
호가든
호가든
호가든
호가든
호가든
호가든
호가든
호가든
호가든
호가든
호가든
호가든
호가든
호가든
호가든
호가든
호가든
호가든
호가든
호가든
호가든
호가든
호가든
호가든
호가든
호가든
호가든
호가든
호가든
호가든
호가든
호가든
호가든
호가든
호가든
호가든
호가든
호가든
호가든
호가든
호가든
호가든
호가든
호가든
호가든
호가든
호가든
호가든
호가든
호가든
호가든
호가든
호가든
호가든
호가든
호가든
호가든
호가든
호가든
호가든
호가든
호가든
호가든
호가든
호가든
호가든
호가든
호가든
호가든
호가든
호가든
호가든
호가든
호가든
호가든
호가든
호가든
호가든
호가든
호가든
호가든
호가든
호가든
호가든
호가든
호가든
호가든
호가든
호가든
호가든
호가든
호가든
호가든
호가든
호가든
호가든
호가든
호가든
호가든
호가든
호가든
호가든
호가든
호가든
호가든
호가든
호가든
호가든
호가든
호가든
호가든
호가든
호가든
호가든
호가든
호가든
호가든
호가든
호가든
호가든
호가든
호가든
호가든
호가든
호가든
호가든
호가든
호가든
호가든
호가든
호가든
호가든
호가든
호가든
호가든
호가든
호가든
호가든
호가든
호가든
호가든
호가든
호가든
호가든
호가든
호가든
호가든
호가든
호가든
호가든
호가든
호가든
호가든
호가든
호가든
호가든
호가든
호가든
호가든
호가든
호가든
호가든
호가든
호가든
호가든
호가든
호가든
호가든
호가든
호가든
호가든
호가든
호가든
호가든
호가든
호가든
호가든
호가든
호가든
호가든
호가든
호가든
호가든
호가든
호가든
호가든
호가든
호가든
호가든
호가든
호가든
호가든
호가든
호가든
호가든
호가든
호가든
호가든
호가든
호가든
호가든
호가든
호가든
호가든
호가든
호가든
호가든
호가든
호가든
호가든
호가든
호가든
호가든
호가든
호가든
호가든
호가든
호가든
호가든
호가든
호가든
호가든
호가든
호가든
호가든
호가든
호가든
호가든
호가든
호가든
호가든
호가든
호가든
호가든
호가든
호가든
호가든
호가든
호가든
호가든
호가든
호가든
호가든
호가든
호가든
호가든
호가든
호가든
호가든
호가든
호가든
호가든
호가든
호가든
호가든
호가든
호가든
호가든
호가든
호가든
호가든
호가든
호가든
호가든
호가든
호가든
호가든
호가든
호가든
호가든
호가든
호가든
호가든
호가든
호가든
호가든
호가든
호가든
호가든
호가든
호가든
호가든
호가든
호가든
호가든
호가든
호가든
호가든
호가든
호가든
호가든
호가든
호가든
호가든
호가든
호가든
호가든
호가든
호가든
호가든
호가든
호가든
호가든
호가든
호가든
호가든
호가든
호가든
호가든
호가든
호가든
호가든
호가든
호가든
호가든
호가든
호가든
호가든
호가든
호가든
호가든
호가든
호가든
호가든
호가든
호가든
호가든
호가든
호가든
호가든
호가든
호가든
호가든
호가든
호가든
호가든
호가든
호가든
호가든
호가든
호가든
호가든
호가든
호가든
호가든
호가든
호가든
호가든
호가든
호가든
호가든
호가든
호가든
호가든
호가든
호가든
호가든
호가든
호가든
호가든
호가든
호가든
호가든
호가든
호가든
호가든
호가든
호가든
호가든
호가든
호가든
호가든
호가든
호가든
호가든
호가든
호가든
호가든
호가든
호가든
호가든
호가든
호가든
호가든
호가든
호가든
호가든
호가든
호가든
호가든
호가든
호가든
호가든
호가든
호가든
호가든
호가든
호가든
호가든
호가든
호가든
호가든
호가든
호가든
호가든
호가든
호가든
호가든
호가든
호가든
호가든
호가든
호가든
호가든
호가든
호가든
호가든
호가든
호가든
호가든
호가든
호가든
호가든
호가든
호가든
호가든
호가든
호가든
호가든
호가든
호가든
호가든
호가든
호가든
호가든
호가든
호가든
호가든
호가든
호가든
호가든
호가든
호가든
호가든
호가든
호가든
호가든
호가든
호가든
호가든
호가든
호가든
호가든
호가든
호가든
호가든
호가든
호가든
호가든
호가든
호가든
호가든
호가든
호가든
호가든
호가든
호가든
호가든
호가든
호가든
호가든
호가든
호가든
호가든
호가든
호가든
호가든
호가든
호가든
호가든
호가든
호가든
호가든
호가든
호가든
호가든
호가든
호가든
호가든
호가든
호가든
호가든
호가든
호가든
호가든
호가든
호가든
호가든
호가든
호가든
호가든
호가든
호가든
호가든
호가든
호가든
호가든
호가든
호가든
호가든
호가든
호가든
호가든
호가든
호가든
호가든
호가든
호가든
호가든
호가든
호가든
호가든
호가든
호가든
호가든
호가든
호가든
호가든
호가든
호가든
호가든
호가든
호가든
호가든
호가든
호가든
호가든
호가든
호가든
호가든
호가든
호가든
호가든
호가든
호가든
호가든
호가든
호가든
호가든
호가든
호가든
호가든
호가든
호가든
호가든
호가든
호가든
호가든
호가든
호가든
호가든
호가든
호가든
호가든
호가든
호가든
호가든
호가든
호가든
호가든
호가든
호가든
호가든
호가든
호가든
호가든
호가든
호가든
호가든
호가든
호가든
호가든
호가든
호가든
호가든
호가든
호가든
호가든
호가든
호가든
호가든
호가든
호가든
호가든
호가든
호가든
호가든
호가든
호가든
호가든
호가든
호가든
호가든
호가든
호가든
호가든
호가든
호가든
호가든
호가든
호가든
호가든
호가든
호가든
호가든
호가든
호가든
호가든
호가든
호가든
호가든
호가든
호가든
호가든
호가든
호가든
호가든
호가든
호가든
호가든
호가든
호가든
호가든
호가든
호가든
호가든
호가든
호가든
호가든
호가든
호가든
호가든
호가든
호가든
호가든
호가든
호가든
호가든
호가든
호가든
호가든
호가든
호가든
호가든
호가든
호가든
호가든
호가든
호가든
호가든
호가든
호가든
호가든
호가든
호가든
호가든
호가든
호가든
호가든
호가든
호가든
호가든
호가든
호가든
호가든
호가든
호가든
호가든
호가든
호가든
호가든
호가든
호가든
호가든
호가든
호가든
호가든
호가든
호가든
호가든
호가든
호가든
호가든
호가든
호가든
호가든
호가든
호가든
호가든
호가든
호가든
호가든
호가든
호가든
호가든
호가든
호가든
호가든
호가든
호가든
호가든
호가든
호가든
호가든
호가든
호가든
호가든
호가든
호가든
호가든
호가든
호가든
호가든
호가든
호가든
호가든
호가든
호가든
호가든
호가든
호가든
호가든
호가든
호가든
호가든
호가든
호가든
호가든
호가든
호가든
호가든
호가든
호가든
호가든
호가든
호가든
호가든
호가든
호가든
호가든
호가든
호가든
호가든
호가든
호가든
호가든
호가든
호가든
호가든
호가든
호가든
호가든
호가든
호가든
호가든
호가든
호가든
호가든
호가든
호가든
호가든
호가든
호가든
호가든
호가든
호가든
호가든
호가든
호가든
호가든
호가든
호가든
호가든
호가든
호가든
호가든
호가든
호가든
호가든
호가든
호가든
호가든
호가든
호가든
호가든
호가든
호가든
호가든
호가든
호가든
호가든
호가든
호가든
호가든
호가든
호가든
호가든
호가든
호가든
호가든
호가든
호가든
호가든
호가든
호가든
호가든
호가든
호가든
호가든
호가든
호가든
호가든
호가든
호가든
호가든
호가든
호가든
호가든
호가든
호가든
호가든
호가든
호가든
호가든
호가든
호가든
호가든
호가든
호가든
호가든
호가든
호가든
호가든
호가든
호가든
호가든
호가든
호가든
호가든
호가든
호가든
호가든
호가든
호가든
호가든
호가든
호가든
호가든
호가든
호가든
호가든
호가든
호가든
호가든
호가든
호가든
호가든
호가든
호가든
호가든
호가든
호가든
호가든
호가든
호가든
호가든
호가든
호가든
호가든
호가든
호가든
호가든
호가든
호가든
호가든
호가든
호가든
호가든
호가든
호가든
호가든
호가든
호가든
호가든
호가든
호가든
호가든
호가든
호가든
호가든
호가든
호가든
호가든
호가든
호가든
호가든
호가든
호가든
호가든
호가든
호가든
호가든
호가든
호가든
호가든
호가든
호가든
호가든
호가든
호가든
호가든
호가든
호가든
호가든
호가든
호가든
호가든
호가든
호가든
호가든
호가든
호가든
호가든
호가든
호가든
호가든
호가든
호가든
호가든
호가든
호가든
호가든
호가든
호가든
호가든
호가든
호가든
호가든
호가든
호가든
호가든
호가든
호가든
호가든
호가든
호가든
호가든
호가든
호가든
호가든
호가든
호가든
호가든
호가든
호가든
호가든
호가든
호가든
호가든
호가든
호가든
호가든
호가든
호가든
호가든
호가든
호가든
호가든
호가든
호가든
호가든
호가든
호가든
호가든
호가든
호가든
호가든
호가든
호가든
호가든
호가든
호가든
호가든
호가든
호가든
호가든
호가든
호가든
호가든
호가든
호가든
호가든
호가든
호가든
호가든
호가든
호가든
호가든
호가든
호가든
호가든
호가든
호가든
호가든
호가든
호가든
호가든
호가든
호가든
호가든
호가든
호가든
호가든
호가든
호가든
호가든
호가든
호가든
호가든
호가든
호가든
호가든
호가든
호가든
호가든
호가든
호가든
호가든
호가든
호가든
호가든
호가든
호가든
호가든
호가든
호가든
호가든
호가든
호가든
호가든
호가든
호가든
호가든
호가든
호가든
호가든
호가든
호가든
호가든
호가든
호가든
호가든
호가든
호가든
호가든
호가든
호가든
호가든
호가든
호가든
호가든
호가든
호가든
호가든
호가든
호가든
호가든
호가든
호가든
호가든
호가든
호가든
호가든
호가든
호가든
호가든
호가든
호가든
호가든
호가든
호가든
호가든
호가든
호가든
호가든
호가든
호가든
호가든
호가든
호가든
호가든
호가든
호가든
호가든
호가든
호가든
호가든
호가든
호가든
호가든
호가든
호가든
호가든
호가든
호가든
호가든
호가든
호가든
호가든
호가든
호가든
호가든
호가든
호가든
호가든
호가든
호가든
호가든
호가든
호가든
호가든
호가든
호가든
호가든
호가든
호가든
호가든
호가든
호가든
호가든
호가든
호가든
호가든
호가든
호가든
호가든
호가든
호가든
호가든
호가든
호가든
호가든
호가든
호가든
호가든
호가든
호가든
호가든
호가든
호가든
호가든
호가든
호가든
호가든
호가든
호가든
호가든
호가든
호가든
호가든
호가든
호가든
호가든
호가든
호가든
호가든
호가든
호가든
호가든
호가든
호가든
호가든
호가든
호가든
호가든
호가든
호가든
호가든
호가든
호가든
호가든
호가든
호가든
호가든
호가든
호가든
호가든
호가든
호가든
호가든
기네스
기네스
기네스
기네스
기네스
기네스
기네스
기네스
기네스
기네스
기네스
기네스
기네스
기네스
기네스
기네스
기네스
기네스
기네스
기네스
기네스
기네스
기네스
기네스
기네스
기네스
기네스
기네스
기네스
기네스
기네스
기네스
기네스
기네스
기네스
기네스
기네스
기네스
기네스
기네스
기네스
기네스
기네스
기네스
기네스
기네스
기네스
기네스
기네스
기네스
기네스
기네스
기네스
기네스
기네스
기네스
기네스
기네스
기네스
기네스
기네스
기네스
기네스
기네스
기네스
기네스
기네스
기네스
기네스
기네스
기네스
기네스
기네스
기네스
기네스
기네스
기네스
기네스
기네스
기네스
기네스
기네스
기네스
기네스
기네스
기네스
기네스
기네스
기네스
기네스
기네스
기네스
기네스
기네스
기네스
기네스
기네스
기네스
기네스
기네스
기네스
기네스
기네스
기네스
기네스
기네스
기네스
기네스
기네스
기네스
기네스
기네스
기네스
기네스
기네스
기네스
기네스
기네스
기네스
기네스
기네스
기네스
기네스
기네스
기네스
기네스
기네스
기네스
기네스
기네스
기네스
기네스
기네스
기네스
기네스
기네스
기네스
기네스
기네스
기네스
기네스
기네스
기네스
기네스
기네스
기네스
기네스
기네스
기네스
기네스
기네스
기네스
기네스
기네스
기네스
기네스
기네스
기네스
기네스
기네스
기네스
기네스
기네스
기네스
기네스
기네스
기네스
기네스
기네스
기네스
기네스
기네스
기네스
기네스
기네스
기네스
기네스
기네스
기네스
기네스
기네스
기네스
기네스
기네스
기네스
기네스
기네스
기네스
기네스
기네스
기네스
기네스
기네스
기네스
기네스
기네스
기네스
기네스
기네스
기네스
기네스
기네스
기네스
기네스
기네스
기네스
기네스
기네스
기네스
기네스
기네스
기네스
기네스
기네스
기네스
기네스
기네스
기네스
기네스
기네스
기네스
기네스
기네스
기네스
기네스
기네스
기네스
기네스
기네스
기네스
기네스
기네스
기네스
기네스
기네스
기네스
기네스
기네스
기네스
기네스
기네스
기네스
기네스
기네스
기네스
기네스
기네스
기네스
기네스
기네스
기네스
기네스
기네스
기네스
기네스
기네스
기네스
기네스
기네스
기네스
기네스
기네스
기네스
기네스
기네스
기네스
기네스
기네스
기네스
기네스
기네스
기네스
기네스
기네스
기네스
기네스
기네스
기네스
기네스
기네스
기네스
기네스
기네스
기네스
기네스
기네스
기네스
기네스
기네스
기네스
기네스
기네스
기네스
기네스
기네스
기네스
기네스
기네스
기네스
기네스
기네스
기네스
기네스
기네스
기네스
기네스
기네스
기네스
기네스
기네스
기네스
기네스
기네스
기네스
기네스
기네스
기네스
기네스
기네스
기네스
기네스
기네스
기네스
기네스
기네스
기네스
기네스
기네스
기네스
기네스
기네스
기네스
기네스
기네스
기네스
기네스
기네스
기네스
기네스
기네스
기네스
기네스
기네스
기네스
기네스
기네스
기네스
기네스
기네스
기네스
기네스
기네스
기네스
기네스
기네스
기네스
기네스
기네스
기네스
기네스
기네스
기네스
기네스
기네스
기네스
기네스
기네스
기네스
기네스
기네스
기네스
기네스
기네스
기네스
기네스
기네스
기네스
기네스
기네스
기네스
기네스
기네스
기네스
기네스
기네스
기네스
기네스
기네스
기네스
기네스
기네스
기네스
기네스
기네스
기네스
기네스
기네스
기네스
기네스
기네스
기네스
기네스
기네스
기네스
기네스
기네스
기네스
기네스
기네스
기네스
기네스
기네스
기네스
기네스
기네스
기네스
기네스
기네스
기네스
기네스
기네스
기네스
기네스
기네스
기네스
기네스
기네스
기네스
기네스
기네스
기네스
기네스
기네스
기네스
기네스
기네스
기네스
기네스
기네스
기네스
기네스
기네스
기네스
기네스
기네스
기네스
기네스
기네스
기네스
기네스
기네스
기네스
기네스
기네스
기네스
기네스
기네스
기네스
기네스
기네스
기네스
기네스
기네스
기네스
기네스
기네스
기네스
기네스
기네스
기네스
기네스
기네스
기네스
기네스
기네스
기네스
기네스
기네스
기네스
기네스
기네스
기네스
기네스
기네스
기네스
기네스
기네스
기네스
기네스
기네스
기네스
기네스
기네스
기네스
기네스
기네스
기네스
기네스
기네스
기네스
기네스
기네스
기네스
기네스
기네스
기네스
기네스
기네스
기네스
기네스
기네스
기네스
기네스
기네스
기네스
기네스
기네스
기네스
기네스
기네스
기네스
기네스
기네스
기네스
기네스
기네스
기네스
기네스
기네스
기네스
기네스
기네스
기네스
기네스
기네스
기네스
기네스
기네스
기네스
기네스
기네스
기네스
기네스
기네스
기네스
기네스
기네스
기네스
기네스
기네스
기네스
기네스
기네스
기네스
기네스
기네스
기네스
기네스
기네스
기네스
기네스
기네스
기네스
기네스
기네스
기네스
기네스
기네스
기네스
기네스
기네스
기네스
기네스
기네스
기네스
기네스
기네스
기네스
기네스
기네스
기네스
기네스
기네스
기네스
기네스
기네스
기네스
기네스
기네스
기네스
기네스
기네스
기네스
기네스
기네스
기네스
기네스
기네스
기네스
기네스
기네스
기네스
기네스
기네스
기네스
기네스
기네스
기네스
기네스
기네스
기네스
기네스
기네스
기네스
기네스
기네스
기네스
기네스
기네스
기네스
기네스
기네스
기네스
기네스
기네스
기네스
기네스
기네스
기네스
기네스
기네스
기네스
기네스
기네스
기네스
기네스
기네스
기네스
기네스
기네스
기네스
기네스
기네스
기네스
기네스
기네스
기네스
기네스
기네스
기네스
기네스
기네스
기네스
기네스
기네스
기네스
기네스
기네스
기네스
기네스
기네스
기네스
기네스
기네스
기네스
기네스
기네스
기네스
기네스
기네스
기네스
기네스
기네스
기네스
기네스
기네스
기네스
기네스
기네스
기네스
기네스
기네스
기네스
기네스
기네스
기네스
기네스
기네스
기네스
기네스
기네스
기네스
기네스
기네스
기네스
기네스
기네스
기네스
기네스
기네스
기네스
기네스
기네스
기네스
기네스
기네스
기네스
기네스
기네스
기네스
기네스
기네스
기네스
기네스
기네스
기네스
기네스
기네스
기네스
기네스
기네스
기네스
기네스
기네스
기네스
기네스
기네스
기네스
기네스
기네스
기네스
기네스
기네스
기네스
기네스
기네스
기네스
기네스
기네스
기네스
기네스
기네스
기네스
기네스
기네스
기네스
기네스
기네스
기네스
기네스
기네스
기네스
기네스
기네스
기네스
기네스
기네스
기네스
기네스
기네스
기네스
기네스
기네스
기네스
기네스
기네스
기네스
기네스
기네스
기네스
기네스
기네스
기네스
기네스
기네스
기네스
기네스
기네스
기네스
기네스
기네스
기네스
기네스
기네스
기네스
기네스
기네스
기네스
기네스
기네스
기네스
기네스
기네스
기네스
기네스
기네스
기네스
기네스
기네스
기네스
기네스
기네스
기네스
기네스
기네스
기네스
기네스
기네스
기네스
기네스
기네스
기네스
기네스
기네스
기네스
기네스
기네스
기네스
기네스
기네스
기네스
기네스
기네스
기네스
기네스
기네스
기네스
기네스
기네스
기네스
기네스
기네스
기네스
기네스
기네스
기네스
기네스
기네스
기네스
기네스
기네스
기네스
기네스
기네스
기네스
기네스
기네스
기네스
기네스
기네스
기네스
기네스
기네스
기네스
기네스
기네스
기네스
기네스
기네스
기네스
기네스
기네스
기네스
기네스
기네스
기네스
기네스
기네스
기네스
기네스
기네스
기네스
기네스
기네스
기네스
기네스
기네스
기네스
기네스
기네스
기네스
기네스
기네스
기네스
기네스
기네스
기네스
기네스
기네스
기네스
기네스
기네스
기네스
기네스
기네스
기네스
기네스
기네스
기네스
기네스
기네스
기네스
기네스
기네스
기네스
기네스
기네스
기네스
기네스
기네스
기네스
기네스
기네스
기네스
기네스
기네스
기네스
기네스
기네스
기네스
기네스
기네스
기네스
기네스
기네스
기네스
기네스
기네스
기네스
기네스
기네스
기네스
기네스
기네스
기네스
기네스
기네스
기네스
기네스
기네스
기네스
기네스
기네스
기네스
기네스
기네스
기네스
기네스
기네스
기네스
기네스
기네스
기네스
기네스
기네스
기네스
기네스
기네스
기네스
기네스
기네스
기네스
기네스
기네스
기네스
기네스
기네스
기네스
기네스
기네스
기네스
기네스
기네스
기네스
기네스
기네스
기네스
기네스
기네스
기네스
기네스
기네스
기네스
기네스
기네스
기네스
기네스
기네스
기네스
기네스
기네스
기네스
기네스
기네스
기네스
기네스
기네스
기네스
기네스
기네스
기네스
기네스
기네스
기네스
기네스
기네스
기네스
기네스
기네스
기네스
기네스
기네스
기네스
기네스
기네스
기네스
기네스
기네스
기네스
기네스
기네스
기네스
기네스
기네스
기네스
기네스
기네스
기네스
기네스
기네스
기네스
기네스
기네스
기네스
기네스
기네스
기네스
기네스
기네스
기네스
기네스
기네스
기네스
기네스
기네스
기네스
기네스
기네스
기네스
기네스
기네스
기네스
기네스
기네스
기네스
기네스
기네스
기네스
기네스
기네스
기네스
기네스
기네스
기네스
기네스
기네스
기네스
기네스
기네스
기네스
기네스
기네스
기네스
기네스
기네스
기네스
기네스
기네스
기네스
기네스
기네스
기네스
기네스
기네스
기네스
기네스
기네스
기네스
기네스
기네스
기네스
기네스
기네스
기네스
기네스
기네스
기네스
기네스
기네스
기네스
기네스
기네스
기네스
기네스
기네스
기네스
기네스
기네스
기네스
기네스
기네스
기네스
기네스
기네스
기네스
기네스
기네스
기네스
기네스
기네스
기네스
기네스
기네스
기네스
기네스
기네스
기네스
기네스
기네스
기네스
기네스
기네스
기네스
기네스
기네스
기네스
기네스
기네스
기네스
기네스
기네스
기네스
기네스
기네스
기네스
기네스
기네스
기네스
기네스
기네스
기네스
기네스
기네스
기네스
기네스
기네스
기네스
기네스
기네스
기네스
기네스
기네스
기네스
기네스
기네스
기네스
기네스
기네스
기네스
기네스
기네스
기네스
기네스
기네스
기네스
기네스
기네스
기네스
기네스
기네스
기네스
기네스
기네스
기네스
기네스
기네스
기네스
기네스
기네스
기네스
기네스
기네스
기네스
기네스
기네스
기네스
기네스
기네스
기네스
기네스
기네스
기네스
기네스
기네스
기네스
기네스
기네스
기네스
기네스
기네스
기네스
기네스
기네스
기네스
기네스
기네스
기네스
기네스
기네스
기네스
기네스
기네스
기네스
기네스
기네스
기네스
기네스
기네스
기네스
기네스
기네스
기네스
기네스
기네스
기네스
기네스
기네스
기네스
기네스
기네스
기네스
기네스
기네스
기네스
기네스
기네스
기네스
기네스
기네스
기네스
기네스
기네스
기네스
기네스
기네스
기네스
기네스
기네스
기네스
기네스
기네스
기네스
기네스
기네스
기네스
기네스
기네스
기네스
기네스
기네스
기네스
기네스
기네스
기네스
기네스
기네스
기네스
기네스
기네스
기네스
기네스
기네스
기네스
기네스
기네스
기네스
기네스
기네스
기네스
기네스
기네스
기네스
기네스
기네스
기네스
기네스
기네스
기네스
기네스
기네스
기네스
기네스
기네스
기네스
기네스
기네스
기네스
기네스
기네스
기네스
기네스
기네스
기네스
기네스
기네스
기네스
기네스
기네스
기네스
기네스
기네스
기네스
기네스
기네스
기네스
기네스
기네스
기네스
기네스
기네스
기네스
기네스
기네스
기네스
기네스
기네스
기네스
기네스
기네스
기네스
기네스
기네스
기네스
기네스
기네스
기네스
기네스
기네스
기네스
기네스
기네스
기네스
기네스
기네스
기네스
기네스
기네스
기네스
기네스
기네스
기네스
기네스
기네스
기네스
기네스
기네스
기네스
기네스
기네스
기네스
기네스
기네스
기네스
기네스
기네스
기네스
기네스
기네스
기네스
기네스
기네스
기네스
기네스
기네스
기네스
기네스
기네스
기네스
기네스
기네스
기네스
기네스
기네스
기네스
기네스
기네스
기네스
기네스
기네스
기네스
기네스
기네스
기네스
기네스
기네스
기네스
기네스
기네스
기네스
기네스
기네스
기네스
기네스
기네스
기네스
기네스
기네스
기네스
기네스
기네스
기네스
기네스
기네스
기네스
기네스
기네스
기네스
기네스
기네스
기네스
기네스
기네스
기네스
기네스
기네스
기네스
기네스
기네스
기네스
기네스
기네스
기네스
기네스
기네스
기네스
기네스
기네스
기네스
기네스
기네스
기네스
기네스
기네스
기네스
기네스
기네스
기네스
기네스
기네스
기네스
기네스
기네스
기네스
기네스
기네스
기네스
기네스
기네스
기네스
기네스
기네스
기네스
기네스
기네스
기네스
기네스
기네스
기네스
기네스
기네스
기네스
기네스
기네스
기네스
기네스
기네스
기네스
기네스
기네스
기네스
기네스
기네스
기네스
기네스
기네스
기네스
기네스
기네스
기네스
기네스
기네스
기네스
기네스
기네스
기네스
기네스
기네스
기네스
기네스
기네스
기네스
기네스
기네스
기네스
기네스
기네스
기네스
기네스
기네스
기네스
기네스
기네스
기네스
기네스
기네스
기네스
기네스
기네스
기네스
기네스
기네스
기네스
기네스
기네스
기네스
기네스
기네스
기네스
기네스
기네스
기네스
기네스
기네스
기네스
기네스
기네스
기네스
기네스
기네스
기네스
기네스
기네스
기네스
기네스
기네스
기네스
기네스
기네스
기네스
기네스
기네스
기네스
기네스
기네스
기네스
기네스
기네스
기네스
기네스
기네스
기네스
기네스
기네스
기네스
기네스
기네스
기네스
기네스
기네스
기네스
기네스
기네스
기네스
기네스
기네스
기네스
기네스
기네스
기네스
기네스
기네스
기네스
기네스
기네스
기네스
기네스
기네스
기네스
기네스
기네스
기네스
기네스
기네스
기네스
기네스
기네스
기네스
기네스
기네스
기네스
기네스
기네스
기네스
기네스
기네스
기네스
기네스
기네스
기네스
기네스
기네스
기네스
기네스
기네스
기네스
기네스
기네스
기네스
기네스
기네스
기네스
기네스
기네스
기네스
기네스
기네스
기네스
기네스
기네스
기네스
기네스
기네스
기네스
기네스
기네스
기네스
기네스
기네스
기네스
기네스
기네스
기네스
기네스
기네스
기네스
기네스
기네스
기네스
기네스
기네스
기네스
기네스
기네스
기네스
기네스
기네스
기네스
기네스
기네스
기네스
기네스
기네스
기네스
기네스
기네스
기네스
기네스
기네스
기네스
기네스
기네스
기네스
기네스
기네스
기네스
기네스
기네스
기네스
기네스
기네스
기네스
기네스
기네스
기네스
기네스
기네스
기네스
기네스
기네스
기네스
기네스
기네스
기네스
기네스
기네스
기네스
기네스
기네스
기네스
기네스
기네스
기네스
기네스
기네스
기네스
기네스
기네스
기네스
기네스
기네스
기네스
기네스
기네스
기네스
기네스
기네스
기네스
기네스
기네스
기네스
기네스
기네스
기네스
기네스
기네스
기네스
기네스
기네스
기네스
기네스
기네스
기네스
기네스
기네스
기네스
기네스
기네스
기네스
기네스
기네스
기네스
기네스
기네스
기네스
기네스
기네스
기네스
기네스
기네스
기네스
기네스
기네스
기네스
기네스
기네스
기네스
기네스
기네스
기네스
기네스
기네스
기네스
기네스
기네스
기네스
기네스
기네스
기네스
기네스
기네스
기네스
기네스
기네스
기네스
기네스
기네스
기네스
기네스
기네스
기네스
기네스
기네스
기네스
기네스
기네스
기네스
기네스
기네스
기네스
기네스
기네스
기네스
기네스
기네스
기네스
기네스
기네스
기네스
기네스
기네스
기네스
기네스
기네스
기네스
기네스
기네스
기네스
기네스
기네스
기네스
기네스
기네스
기네스
기네스
기네스
기네스
기네스
기네스
기네스
기네스
기네스
기네스
기네스
기네스
기네스
기네스
기네스
기네스
기네스
기네스
기네스
기네스
기네스
기네스
기네스
기네스
기네스
기네스
기네스
기네스
기네스
기네스
기네스
기네스
기네스
기네스
기네스
기네스
기네스
기네스
기네스
기네스
기네스
기네스
기네스
기네스
기네스
기네스
기네스
기네스
기네스
기네스
기네스
기네스
기네스
기네스
기네스
기네스
기네스
기네스
기네스
기네스
기네스
기네스
기네스
기네스
기네스
기네스
기네스
기네스
기네스
기네스
기네스
기네스
기네스
기네스
기네스
기네스
기네스
기네스
기네스
기네스
기네스
기네스
기네스
기네스
기네스
기네스
기네스
기네스
기네스
기네스
기네스
기네스
기네스
기네스
기네스
기네스
기네스
기네스
기네스
기네스
기네스
기네스
기네스
기네스
기네스
기네스
기네스
기네스
기네스
기네스
기네스
기네스
기네스
기네스
기네스
기네스
기네스
기네스
기네스
기네스
기네스
기네스
기네스
기네스
기네스
기네스
기네스
기네스
기네스
기네스
기네스
기네스
기네스
기네스
기네스
기네스
기네스
기네스
기네스
기네스
기네스
기네스
기네스
기네스
기네스
기네스
기네스
기네스
기네스
기네스
기네스
기네스
기네스
기네스
기네스
기네스
기네스
기네스
기네스
기네스
기네스
기네스
기네스
기네스
기네스
기네스
기네스
기네스
기네스
기네스
기네스
기네스
기네스
기네스
기네스
기네스
기네스
기네스
기네스
기네스
기네스
기네스
기네스
기네스
기네스
기네스
기네스
기네스
기네스
기네스
기네스
기네스
기네스
기네스
기네스
기네스
기네스
기네스
기네스
기네스
기네스
기네스
기네스
기네스
기네스
기네스
기네스
기네스
기네스
기네스
기네스
기네스
기네스
기네스
기네스
기네스
기네스
기네스
기네스
기네스
기네스
기네스
기네스
기네스
기네스
기네스
기네스
기네스
기네스
기네스
기네스
기네스
기네스
기네스
기네스
기네스
기네스
기네스
기네스
기네스
기네스
기네스
기네스
기네스
기네스
기네스
기네스
기네스
기네스
기네스
기네스
기네스
기네스
기네스
기네스
기네스
기네스
기네스
기네스
기네스
기네스
기네스
기네스
기네스
기네스
기네스
기네스
기네스
기네스
기네스
기네스
기네스
기네스
기네스
기네스
기네스
기네스
기네스
기네스
기네스
기네스
기네스
기네스
기네스
기네스
기네스
기네스
기네스
기네스
기네스
기네스
기네스
기네스
기네스
기네스
기네스
기네스
기네스
기네스
기네스
기네스
기네스
기네스
기네스
기네스
기네스
기네스
기네스
기네스
기네스
기네스
기네스
기네스
기네스
기네스
기네스
기네스
기네스
기네스
기네스
기네스
기네스
기네스
기네스
기네스
기네스
기네스
기네스
기네스
기네스
기네스
기네스
기네스
기네스
기네스
기네스
기네스
기네스
기네스
기네스
기네스
기네스
기네스
기네스
기네스
기네스
기네스
기네스
기네스
기네스
기네스
기네스
기네스
기네스
기네스
기네스
기네스
기네스
기네스
기네스
기네스
기네스
기네스
기네스
기네스
기네스
기네스
기네스
기네스
기네스
기네스
기네스
기네스
기네스
기네스
기네스
기네스
기네스
기네스
기네스
기네스
기네스
기네스
기네스
기네스
기네스
기네스
기네스
기네스
기네스
기네스
기네스
기네스
기네스
기네스
기네스
기네스
기네스
기네스
기네스
기네스
기네스
기네스
기네스
기네스
기네스
기네스
기네스
기네스
기네스
기네스
기네스
기네스
기네스
기네스
기네스
기네스
기네스
기네스
기네스
기네스
기네스
기네스
기네스
기네스
기네스
기네스
기네스
기네스
기네스
기네스
기네스
기네스
기네스
기네스
기네스
기네스
기네스
기네스
기네스
기네스
기네스
기네스
기네스
기네스
기네스
기네스
기네스
기네스
기네스
기네스
기네스
기네스
기네스
기네스
기네스
기네스
기네스
기네스
기네스
기네스
기네스
기네스
기네스
기네스
기네스
기네스
기네스
기네스
기네스
기네스
기네스
기네스
기네스
기네스
기네스
기네스
기네스
기네스
기네스
기네스
기네스
기네스
기네스
기네스
기네스
기네스
기네스
기네스
기네스
기네스
기네스
기네스
기네스
기네스
기네스
기네스
기네스
기네스
기네스
기네스
기네스
기네스
기네스
기네스
기네스
기네스
기네스
기네스
기네스
기네스
기네스
기네스
기네스
기네스
기네스
기네스
기네스
기네스
기네스
기네스
기네스
기네스
기네스
기네스
기네스
기네스
기네스
기네스
기네스
기네스
기네스
기네스
기네스
기네스
기네스
기네스
기네스
기네스
기네스
기네스
기네스
기네스
기네스
기네스
기네스
기네스
기네스
기네스
기네스
기네스
기네스
기네스
기네스
기네스
기네스
기네스
기네스
기네스
기네스
기네스
기네스
기네스
기네스
기네스
기네스
기네스
기네스
기네스
기네스
기네스
기네스
기네스
기네스
기네스
기네스
기네스
기네스
기네스
기네스
기네스
기네스
기네스
기네스
기네스
기네스
기네스
기네스
기네스
기네스
기네스
기네스
기네스
기네스
기네스
기네스
기네스
기네스
기네스
기네스
기네스
기네스
기네스
기네스
기네스
기네스
기네스
기네스
기네스
기네스
기네스
기네스
기네스
기네스
기네스
기네스
기네스
기네스
기네스
기네스
기네스
기네스
기네스
기네스
기네스
기네스
기네스
기네스
기네스
기네스
기네스
기네스
기네스
기네스
기네스
기네스
기네스
기네스
기네스
기네스
기네스
기네스
기네스
기네스
기네스
기네스
기네스
기네스
기네스
기네스
기네스
기네스
기네스
기네스
기네스
기네스
기네스
기네스
기네스
기네스
기네스
기네스
기네스
기네스
기네스
기네스
기네스
기네스
기네스
기네스
기네스
기네스
기네스
기네스
기네스
기네스
기네스
기네스
기네스
기네스
기네스
기네스
기네스
기네스
기네스
기네스
기네스
기네스
기네스
기네스
기네스
기네스
기네스
칼스버그
칼스버그
칼스버그
칼스버그
칼스버그
칼스버그
칼스버그
칼스버그
칼스버그
칼스버그
칼스버그
칼스버그
칼스버그
칼스버그
칼스버그
칼스버그
칼스버그
칼스버그
칼스버그
칼스버그
칼스버그
칼스버그
칼스버그
칼스버그
칼스버그
칼스버그
칼스버그
칼스버그
칼스버그
칼스버그
칼스버그
칼스버그
칼스버그
칼스버그
칼스버그
칼스버그
칼스버그
칼스버그
칼스버그
칼스버그
칼스버그
칼스버그
칼스버그
칼스버그
칼스버그
칼스버그
칼스버그
칼스버그
칼스버그
칼스버그
칼스버그
칼스버그
칼스버그
칼스버그
칼스버그
칼스버그
칼스버그
칼스버그
칼스버그
칼스버그
칼스버그
칼스버그
칼스버그
칼스버그
칼스버그
칼스버그
칼스버그
칼스버그
칼스버그
칼스버그
칼스버그
칼스버그
칼스버그
칼스버그
칼스버그
칼스버그
칼스버그
칼스버그
칼스버그
칼스버그
칼스버그
칼스버그
칼스버그
칼스버그
칼스버그
칼스버그
칼스버그
칼스버그
칼스버그
칼스버그
칼스버그
칼스버그
칼스버그
칼스버그
칼스버그
칼스버그
칼스버그
칼스버그
칼스버그
칼스버그
칼스버그
칼스버그
칼스버그
칼스버그
칼스버그
칼스버그
칼스버그
칼스버그
칼스버그
칼스버그
칼스버그
칼스버그
칼스버그
칼스버그
칼스버그
칼스버그
칼스버그
칼스버그
칼스버그
칼스버그
칼스버그
칼스버그
칼스버그
칼스버그
칼스버그
칼스버그
칼스버그
칼스버그
칼스버그
칼스버그
칼스버그
칼스버그
칼스버그
칼스버그
칼스버그
칼스버그
칼스버그
칼스버그
칼스버그
칼스버그
칼스버그
칼스버그
칼스버그
칼스버그
칼스버그
칼스버그
칼스버그
칼스버그
칼스버그
칼스버그
칼스버그
칼스버그
칼스버그
칼스버그
칼스버그
칼스버그
칼스버그
칼스버그
칼스버그
칼스버그
칼스버그
칼스버그
칼스버그
칼스버그
칼스버그
칼스버그
칼스버그
칼스버그
칼스버그
칼스버그
칼스버그
칼스버그
칼스버그
칼스버그
칼스버그
칼스버그
칼스버그
칼스버그
칼스버그
칼스버그
칼스버그
칼스버그
칼스버그
칼스버그
칼스버그
칼스버그
칼스버그
칼스버그
칼스버그
칼스버그
칼스버그
칼스버그
칼스버그
칼스버그
칼스버그
칼스버그
칼스버그
칼스버그
칼스버그
칼스버그
칼스버그
칼스버그
칼스버그
칼스버그
칼스버그
칼스버그
칼스버그
칼스버그
칼스버그
칼스버그
칼스버그
칼스버그
칼스버그
칼스버그
칼스버그
칼스버그
칼스버그
칼스버그
칼스버그
칼스버그
칼스버그
칼스버그
칼스버그
칼스버그
칼스버그
칼스버그
칼스버그
칼스버그
칼스버그
칼스버그
칼스버그
칼스버그
칼스버그
칼스버그
칼스버그
칼스버그
칼스버그
칼스버그
칼스버그
칼스버그
칼스버그
칼스버그
칼스버그
칼스버그
칼스버그
칼스버그
칼스버그
칼스버그
칼스버그
칼스버그
칼스버그
칼스버그
칼스버그
칼스버그
칼스버그
칼스버그
칼스버그
칼스버그
칼스버그
칼스버그
칼스버그
칼스버그
칼스버그
칼스버그
칼스버그
칼스버그
칼스버그
칼스버그
칼스버그
칼스버그
칼스버그
칼스버그
칼스버그
칼스버그
칼스버그
칼스버그
칼스버그
칼스버그
칼스버그
칼스버그
칼스버그
칼스버그
칼스버그
칼스버그
칼스버그
칼스버그
칼스버그
칼스버그
칼스버그
칼스버그
칼스버그
칼스버그
칼스버그
칼스버그
칼스버그
칼스버그
칼스버그
칼스버그
칼스버그
칼스버그
칼스버그
칼스버그
칼스버그
칼스버그
칼스버그
칼스버그
칼스버그
칼스버그
칼스버그
칼스버그
칼스버그
칼스버그
칼스버그
칼스버그
칼스버그
칼스버그
칼스버그
칼스버그
칼스버그
칼스버그
칼스버그
칼스버그
칼스버그
칼스버그
칼스버그
칼스버그
칼스버그
칼스버그
칼스버그
칼스버그
칼스버그
칼스버그
칼스버그
칼스버그
칼스버그
칼스버그
칼스버그
칼스버그
칼스버그
칼스버그
칼스버그
칼스버그
칼스버그
칼스버그
칼스버그
칼스버그
칼스버그
칼스버그
칼스버그
칼스버그
칼스버그
칼스버그
칼스버그
칼스버그
칼스버그
칼스버그
칼스버그
칼스버그
칼스버그
칼스버그
칼스버그
칼스버그
칼스버그
칼스버그
칼스버그
칼스버그
칼스버그
칼스버그
칼스버그
칼스버그
칼스버그
칼스버그
칼스버그
칼스버그
칼스버그
칼스버그
칼스버그
칼스버그
칼스버그
칼스버그
칼스버그
칼스버그
칼스버그
칼스버그
칼스버그
칼스버그
칼스버그
칼스버그
칼스버그
칼스버그
칼스버그
칼스버그
칼스버그
칼스버그
칼스버그
칼스버그
칼스버그
칼스버그
칼스버그
칼스버그
칼스버그
칼스버그
칼스버그
칼스버그
칼스버그
칼스버그
칼스버그
칼스버그
칼스버그
칼스버그
칼스버그
칼스버그
칼스버그
칼스버그
칼스버그
칼스버그
칼스버그
칼스버그
칼스버그
칼스버그
칼스버그
칼스버그
칼스버그
칼스버그
칼스버그
칼스버그
칼스버그
칼스버그
칼스버그
칼스버그
칼스버그
칼스버그
칼스버그
칼스버그
칼스버그
칼스버그
칼스버그
칼스버그
칼스버그
칼스버그
칼스버그
칼스버그
칼스버그
칼스버그
칼스버그
칼스버그
칼스버그
칼스버그
칼스버그
칼스버그
칼스버그
칼스버그
칼스버그
칼스버그
칼스버그
칼스버그
칼스버그
칼스버그
칼스버그
칼스버그
칼스버그
칼스버그
칼스버그
칼스버그
칼스버그
칼스버그
칼스버그
칼스버그
칼스버그
칼스버그
칼스버그
칼스버그
칼스버그
칼스버그
칼스버그
칼스버그
칼스버그
칼스버그
칼스버그
칼스버그
칼스버그
칼스버그
칼스버그
칼스버그
칼스버그
칼스버그
칼스버그
칼스버그
칼스버그
칼스버그
칼스버그
칼스버그
칼스버그
칼스버그
칼스버그
칼스버그
칼스버그
칼스버그
칼스버그
칼스버그
칼스버그
칼스버그
칼스버그
칼스버그
칼스버그
칼스버그
칼스버그
칼스버그
칼스버그
칼스버그
칼스버그
칼스버그
칼스버그
칼스버그
칼스버그
칼스버그
칼스버그
칼스버그
칼스버그
칼스버그
칼스버그
칼스버그
칼스버그
칼스버그
칼스버그
칼스버그
칼스버그
칼스버그
칼스버그
칼스버그
칼스버그
칼스버그
칼스버그
칼스버그
칼스버그
칼스버그
칼스버그
칼스버그
칼스버그
칼스버그
칼스버그
칼스버그
칼스버그
칼스버그
칼스버그
칼스버그
칼스버그
칼스버그
칼스버그
칼스버그
칼스버그
칼스버그
칼스버그
칼스버그
칼스버그
칼스버그
칼스버그
칼스버그
칼스버그
칼스버그
칼스버그
칼스버그
칼스버그
칼스버그
칼스버그
칼스버그
칼스버그
칼스버그
칼스버그
칼스버그
칼스버그
칼스버그
칼스버그
칼스버그
칼스버그
칼스버그
칼스버그
칼스버그
칼스버그
칼스버그
칼스버그
칼스버그
칼스버그
칼스버그
칼스버그
칼스버그
칼스버그
칼스버그
칼스버그
칼스버그
칼스버그
칼스버그
칼스버그
칼스버그
칼스버그
칼스버그
칼스버그
칼스버그
칼스버그
칼스버그
칼스버그
칼스버그
칼스버그
칼스버그
칼스버그
칼스버그
칼스버그
칼스버그
칼스버그
칼스버그
칼스버그
칼스버그
칼스버그
칼스버그
칼스버그
칼스버그
칼스버그
칼스버그
칼스버그
칼스버그
칼스버그
칼스버그
칼스버그
칼스버그
칼스버그
칼스버그
칼스버그
칼스버그
칼스버그
칼스버그
칼스버그
칼스버그
칼스버그
칼스버그
칼스버그
칼스버그
칼스버그
칼스버그
칼스버그
칼스버그
칼스버그
칼스버그
칼스버그
칼스버그
칼스버그
칼스버그
칼스버그
칼스버그
칼스버그
칼스버그
칼스버그
칼스버그
칼스버그
칼스버그
칼스버그
칼스버그
칼스버그
칼스버그
칼스버그
칼스버그
칼스버그
칼스버그
칼스버그
칼스버그
칼스버그
칼스버그
칼스버그
칼스버그
칼스버그
칼스버그
칼스버그
칼스버그
칼스버그
칼스버그
칼스버그
칼스버그
칼스버그
칼스버그
칼스버그
칼스버그
칼스버그
칼스버그
칼스버그
칼스버그
칼스버그
칼스버그
칼스버그
칼스버그
칼스버그
칼스버그
칼스버그
칼스버그
칼스버그
칼스버그
칼스버그
칼스버그
칼스버그
칼스버그
칼스버그
칼스버그
칼스버그
칼스버그
칼스버그
칼스버그
칼스버그
칼스버그
칼스버그
칼스버그
칼스버그
칼스버그
칼스버그
칼스버그
칼스버그
칼스버그
칼스버그
칼스버그
칼스버그
칼스버그
칼스버그
칼스버그
칼스버그
칼스버그
칼스버그
칼스버그
칼스버그
칼스버그
칼스버그
칼스버그
칼스버그
칼스버그
칼스버그
칼스버그
칼스버그
칼스버그
칼스버그
칼스버그
칼스버그
칼스버그
칼스버그
칼스버그
칼스버그
칼스버그
칼스버그
칼스버그
칼스버그
칼스버그
칼스버그
칼스버그
칼스버그
칼스버그
칼스버그
칼스버그
칼스버그
칼스버그
칼스버그
칼스버그
칼스버그
칼스버그
칼스버그
칼스버그
칼스버그
칼스버그
칼스버그
칼스버그
칼스버그
칼스버그
칼스버그
칼스버그
칼스버그
칼스버그
칼스버그
칼스버그
칼스버그
칼스버그
칼스버그
칼스버그
칼스버그
칼스버그
칼스버그
칼스버그
칼스버그
칼스버그
칼스버그
칼스버그
칼스버그
칼스버그
칼스버그
칼스버그
칼스버그
칼스버그
칼스버그
칼스버그
칼스버그
칼스버그
칼스버그
칼스버그
칼스버그
칼스버그
칼스버그
칼스버그
칼스버그
칼스버그
칼스버그
칼스버그
칼스버그
칼스버그
칼스버그
칼스버그
칼스버그
칼스버그
칼스버그
칼스버그
칼스버그
칼스버그
칼스버그
칼스버그
칼스버그
칼스버그
칼스버그
칼스버그
칼스버그
칼스버그
칼스버그
칼스버그
칼스버그
칼스버그
칼스버그
칼스버그
칼스버그
칼스버그
칼스버그
칼스버그
칼스버그
칼스버그
칼스버그
칼스버그
칼스버그
칼스버그
칼스버그
칼스버그
칼스버그
칼스버그
칼스버그
칼스버그
칼스버그
칼스버그
칼스버그
칼스버그
칼스버그
칼스버그
칼스버그
칼스버그
칼스버그
칼스버그
칼스버그
칼스버그
칼스버그
칼스버그
칼스버그
칼스버그
칼스버그
칼스버그
칼스버그
칼스버그
칼스버그
칼스버그
칼스버그
칼스버그
칼스버그
칼스버그
칼스버그
칼스버그
칼스버그
칼스버그
칼스버그
칼스버그
칼스버그
칼스버그
칼스버그
칼스버그
칼스버그
칼스버그
칼스버그
칼스버그
칼스버그
칼스버그
칼스버그
칼스버그
칼스버그
칼스버그
칼스버그
칼스버그
칼스버그
칼스버그
칼스버그
칼스버그
칼스버그
칼스버그
칼스버그
칼스버그
칼스버그
칼스버그
칼스버그
칼스버그
칼스버그
칼스버그
칼스버그
칼스버그
칼스버그
칼스버그
칼스버그
칼스버그
칼스버그
칼스버그
칼스버그
칼스버그
칼스버그
칼스버그
칼스버그
칼스버그
칼스버그
칼스버그
칼스버그
칼스버그
칼스버그
칼스버그
칼스버그
칼스버그
칼스버그
칼스버그
칼스버그
칼스버그
칼스버그
칼스버그
칼스버그
칼스버그
칼스버그
칼스버그
칼스버그
칼스버그
칼스버그
칼스버그
칼스버그
칼스버그
칼스버그
칼스버그
칼스버그
칼스버그
칼스버그
칼스버그
칼스버그
칼스버그
칼스버그
칼스버그
칼스버그
칼스버그
칼스버그
칼스버그
칼스버그
칼스버그
칼스버그
칼스버그
칼스버그
칼스버그
칼스버그
칼스버그
칼스버그
칼스버그
칼스버그
칼스버그
칼스버그
칼스버그
칼스버그
칼스버그
칼스버그
칼스버그
칼스버그
칼스버그
칼스버그
칼스버그
칼스버그
칼스버그
칼스버그
칼스버그
칼스버그
칼스버그
칼스버그
칼스버그
칼스버그
칼스버그
칼스버그
칼스버그
칼스버그
칼스버그
칼스버그
칼스버그
칼스버그
칼스버그
칼스버그
칼스버그
칼스버그
칼스버그
칼스버그
칼스버그
칼스버그
칼스버그
칼스버그
칼스버그
칼스버그
칼스버그
칼스버그
칼스버그
칼스버그
칼스버그
칼스버그
칼스버그
칼스버그
칼스버그
칼스버그
칼스버그
칼스버그
칼스버그
칼스버그
칼스버그
칼스버그
칼스버그
칼스버그
칼스버그
칼스버그
칼스버그
칼스버그
칼스버그
칼스버그
칼스버그
칼스버그
칼스버그
칼스버그
칼스버그
칼스버그
칼스버그
칼스버그
칼스버그
칼스버그
칼스버그
칼스버그
칼스버그
칼스버그
칼스버그
칼스버그
칼스버그
칼스버그
칼스버그
칼스버그
칼스버그
칼스버그
칼스버그
칼스버그
칼스버그
칼스버그
칼스버그
칼스버그
칼스버그
칼스버그
칼스버그
칼스버그
칼스버그
칼스버그
칼스버그
칼스버그
칼스버그
칼스버그
칼스버그
칼스버그
칼스버그
칼스버그
칼스버그
칼스버그
칼스버그
칼스버그
칼스버그
칼스버그
칼스버그
칼스버그
칼스버그
칼스버그
칼스버그
칼스버그
칼스버그
칼스버그
칼스버그
칼스버그
칼스버그
칼스버그
칼스버그
칼스버그
칼스버그
칼스버그
칼스버그
칼스버그
칼스버그
칼스버그
칼스버그
칼스버그
칼스버그
칼스버그
칼스버그
칼스버그
칼스버그
칼스버그
칼스버그
칼스버그
칼스버그
칼스버그
칼스버그
칼스버그
칼스버그
칼스버그
칼스버그
칼스버그
칼스버그
칼스버그
칼스버그
칼스버그
칼스버그
칼스버그
칼스버그
칼스버그
칼스버그
칼스버그
칼스버그
칼스버그
칼스버그
칼스버그
칼스버그
칼스버그
칼스버그
칼스버그
칼스버그
칼스버그
칼스버그
칼스버그
칼스버그
칼스버그
칼스버그
칼스버그
칼스버그
칼스버그
칼스버그
칼스버그
칼스버그
칼스버그
칼스버그
칼스버그
칼스버그
칼스버그
칼스버그
칼스버그
칼스버그
칼스버그
칼스버그
칼스버그
칼스버그
칼스버그
칼스버그
칼스버그
칼스버그
칼스버그
칼스버그
칼스버그
칼스버그
칼스버그
칼스버그
칼스버그
칼스버그
칼스버그
칼스버그
칼스버그
칼스버그
칼스버그
칼스버그
칼스버그
칼스버그
칼스버그
칼스버그
칼스버그
칼스버그
칼스버그
칼스버그
칼스버그
칼스버그
칼스버그
칼스버그
칼스버그
칼스버그
칼스버그
칼스버그
칼스버그
칼스버그
칼스버그
칼스버그
칼스버그
칼스버그
칼스버그
칼스버그
칼스버그
칼스버그
칼스버그
칼스버그
칼스버그
칼스버그
칼스버그
칼스버그
칼스버그
칼스버그
칼스버그
칼스버그
칼스버그
칼스버그
칼스버그
칼스버그
칼스버그
칼스버그
칼스버그
칼스버그
칼스버그
칼스버그
칼스버그
칼스버그
칼스버그
칼스버그
칼스버그
칼스버그
칼스버그
칼스버그
칼스버그
칼스버그
칼스버그
칼스버그
칼스버그
칼스버그
칼스버그
칼스버그
칼스버그
칼스버그
칼스버그
칼스버그
칼스버그
칼스버그
칼스버그
칼스버그
칼스버그
칼스버그
칼스버그
칼스버그
칼스버그
칼스버그
칼스버그
칼스버그
칼스버그
칼스버그
칼스버그
칼스버그
칼스버그
칼스버그
칼스버그
칼스버그
칼스버그
칼스버그
칼스버그
칼스버그
칼스버그
칼스버그
칼스버그
칼스버그
칼스버그
칼스버그
칼스버그
칼스버그
칼스버그
칼스버그
칼스버그
칼스버그
칼스버그
칼스버그
칼스버그
칼스버그
칼스버그
칼스버그
칼스버그
칼스버그
칼스버그
칼스버그
칼스버그
칼스버그
칼스버그
칼스버그
칼스버그
칼스버그
칼스버그
칼스버그
칼스버그
칼스버그
칼스버그
칼스버그
칼스버그
칼스버그
칼스버그
칼스버그
칼스버그
칼스버그
칼스버그
칼스버그
칼스버그
칼스버그
칼스버그
칼스버그
칼스버그
칼스버그
칼스버그
칼스버그
칼스버그
칼스버그
칼스버그
칼스버그
칼스버그
칼스버그
칼스버그
칼스버그
칼스버그
칼스버그
칼스버그
칼스버그
칼스버그
칼스버그
칼스버그
칼스버그
칼스버그
칼스버그
칼스버그
칼스버그
칼스버그
칼스버그
칼스버그
칼스버그
칼스버그
칼스버그
칼스버그
칼스버그
칼스버그
칼스버그
칼스버그
칼스버그
칼스버그
칼스버그
칼스버그
칼스버그
칼스버그
칼스버그
칼스버그
칼스버그
칼스버그
칼스버그
칼스버그
칼스버그
칼스버그
칼스버그
칼스버그
칼스버그
칼스버그
칼스버그
칼스버그
칼스버그
칼스버그
칼스버그
칼스버그
칼스버그
칼스버그
칼스버그
칼스버그
칼스버그
칼스버그
칼스버그
칼스버그
칼스버그
칼스버그
칼스버그
칼스버그
칼스버그
칼스버그
칼스버그
칼스버그
칼스버그
칼스버그
칼스버그
칼스버그
칼스버그
칼스버그
칼스버그
칼스버그
칼스버그
칼스버그
칼스버그
칼스버그
칼스버그
칼스버그
칼스버그
칼스버그
칼스버그
칼스버그
칼스버그
칼스버그
칼스버그
칼스버그
칼스버그
칼스버그
칼스버그
칼스버그
칼스버그
칼스버그
칼스버그
칼스버그
칼스버그
칼스버그
칼스버그
칼스버그
칼스버그
칼스버그
칼스버그
칼스버그
칼스버그
칼스버그
칼스버그
칼스버그
칼스버그
칼스버그
칼스버그
칼스버그
칼스버그
칼스버그
칼스버그
칼스버그
칼스버그
칼스버그
칼스버그
칼스버그
칼스버그
칼스버그
칼스버그
칼스버그
칼스버그
칼스버그
칼스버그
칼스버그
칼스버그
칼스버그
칼스버그
칼스버그
칼스버그
칼스버그
칼스버그
칼스버그
칼스버그
칼스버그
칼스버그
칼스버그
칼스버그
칼스버그
칼스버그
칼스버그
칼스버그
칼스버그
칼스버그
칼스버그
칼스버그
칼스버그
칼스버그
칼스버그
칼스버그
칼스버그
칼스버그
칼스버그
칼스버그
칼스버그
칼스버그
칼스버그
칼스버그
칼스버그
칼스버그
칼스버그
칼스버그
칼스버그
칼스버그
칼스버그
칼스버그
칼스버그
칼스버그
칼스버그
칼스버그
칼스버그
칼스버그
칼스버그
칼스버그
칼스버그
칼스버그
칼스버그
칼스버그
칼스버그
칼스버그
칼스버그
칼스버그
칼스버그
칼스버그
칼스버그
칼스버그
칼스버그
칼스버그
칼스버그
칼스버그
칼스버그
칼스버그
칼스버그
칼스버그
칼스버그
칼스버그
칼스버그
칼스버그
칼스버그
칼스버그
칼스버그
칼스버그
칼스버그
칼스버그
칼스버그
칼스버그
칼스버그
칼스버그
칼스버그
칼스버그
칼스버그
칼스버그
칼스버그
칼스버그
칼스버그
칼스버그
칼스버그
칼스버그
칼스버그
칼스버그
칼스버그
칼스버그
칼스버그
칼스버그
칼스버그
칼스버그
칼스버그
칼스버그
칼스버그
칼스버그
칼스버그
칼스버그
칼스버그
칼스버그
칼스버그
칼스버그
칼스버그
칼스버그
칼스버그
칼스버그
칼스버그
칼스버그
칼스버그
칼스버그
칼스버그
칼스버그
칼스버그
칼스버그
칼스버그
칼스버그
칼스버그
칼스버그
칼스버그
칼스버그
칼스버그
칼스버그
칼스버그
칼스버그
칼스버그
칼스버그
칼스버그
칼스버그
칼스버그
칼스버그
칼스버그
칼스버그
칼스버그
칼스버그
칼스버그
칼스버그
칼스버그
칼스버그
칼스버그
칼스버그
칼스버그
칼스버그
칼스버그
칼스버그
칼스버그
칼스버그
칼스버그
칼스버그
칼스버그
칼스버그
칼스버그
칼스버그
칼스버그
칼스버그
칼스버그
칼스버그
칼스버그
칼스버그
칼스버그
칼스버그
칼스버그
칼스버그
칼스버그
칼스버그
칼스버그
칼스버그
칼스버그
칼스버그
칼스버그
칼스버그
칼스버그
칼스버그
칼스버그
칼스버그
칼스버그
칼스버그
칼스버그
칼스버그
칼스버그
칼스버그
칼스버그
칼스버그
칼스버그
칼스버그
칼스버그
칼스버그
칼스버그
칼스버그
칼스버그
칼스버그
칼스버그
칼스버그
칼스버그
칼스버그
칼스버그
칼스버그
칼스버그
칼스버그
칼스버그
칼스버그
칼스버그
칼스버그
칼스버그
칼스버그
칼스버그
칼스버그
칼스버그
칼스버그
칼스버그
칼스버그
칼스버그
칼스버그
칼스버그
칼스버그
칼스버그
칼스버그
칼스버그
칼스버그
칼스버그
칼스버그
칼스버그
칼스버그
칼스버그
칼스버그
칼스버그
칼스버그
칼스버그
칼스버그
칼스버그
칼스버그
칼스버그
칼스버그
칼스버그
칼스버그
칼스버그
칼스버그
칼스버그
칼스버그
칼스버그
칼스버그
칼스버그
칼스버그
칼스버그
칼스버그
칼스버그
칼스버그
칼스버그
칼스버그
칼스버그
칼스버그
칼스버그
칼스버그
칼스버그
칼스버그
칼스버그
칼스버그
칼스버그
칼스버그
칼스버그
칼스버그
칼스버그
칼스버그
칼스버그
칼스버그
칼스버그
칼스버그
칼스버그
칼스버그
칼스버그
칼스버그
칼스버그
칼스버그
칼스버그
칼스버그
칼스버그
칼스버그
칼스버그
칼스버그
칼스버그
칼스버그
칼스버그
칼스버그
칼스버그
칼스버그
칼스버그
칼스버그
칼스버그
칼스버그
칼스버그
칼스버그
칼스버그
칼스버그
칼스버그
칼스버그
칼스버그
칼스버그
칼스버그
칼스버그
칼스버그
칼스버그
칼스버그
칼스버그
칼스버그
칼스버그
칼스버그
칼스버그
칼스버그
칼스버그
칼스버그
칼스버그
칼스버그
칼스버그
칼스버그
칼스버그
칼스버그
칼스버그
칼스버그
칼스버그
칼스버그
칼스버그
칼스버그
칼스버그
칼스버그
칼스버그
칼스버그
칼스버그
칼스버그
칼스버그
칼스버그
칼스버그
칼스버그
칼스버그
칼스버그
칼스버그
칼스버그
칼스버그
칼스버그
칼스버그
칼스버그
칼스버그
칼스버그
칼스버그
칼스버그
칼스버그
칼스버그
칼스버그
칼스버그
칼스버그
칼스버그
칼스버그
칼스버그
칼스버그
칼스버그
칼스버그
칼스버그
칼스버그
칼스버그
칼스버그
칼스버그
칼스버그
칼스버그
칼스버그
칼스버그
칼스버그
칼스버그
칼스버그
칼스버그
칼스버그
칼스버그
칼스버그
칼스버그
칼스버그
칼스버그
칼스버그
칼스버그
칼스버그
칼스버그
칼스버그
칼스버그
칼스버그
칼스버그
칼스버그
칼스버그
칼스버그
칼스버그
칼스버그
칼스버그
칼스버그
칼스버그
칼스버그
칼스버그
칼스버그
칼스버그
칼스버그
칼스버그
칼스버그
칼스버그
칼스버그
칼스버그
칼스버그
칼스버그
칼스버그
칼스버그
칼스버그
칼스버그
칼스버그
칼스버그
칼스버그
칼스버그
칼스버그
칼스버그
칼스버그
칼스버그
칼스버그
칼스버그
칼스버그
칼스버그
칼스버그
칼스버그
칼스버그
칼스버그
칼스버그
칼스버그
칼스버그
칼스버그
칼스버그
칼스버그
칼스버그
칼스버그
칼스버그
칼스버그
칼스버그
칼스버그
칼스버그
칼스버그
칼스버그
칼스버그
칼스버그
칼스버그
칼스버그
칼스버그
칼스버그
칼스버그
칼스버그
칼스버그
칼스버그
칼스버그
칼스버그
칼스버그
칼스버그
칼스버그
칼스버그
칼스버그
칼스버그
칼스버그
칼스버그
칼스버그
칼스버그
칼스버그
칼스버그
칼스버그
칼스버그
칼스버그
칼스버그
칼스버그
칼스버그
칼스버그
칼스버그
칼스버그
칼스버그
칼스버그
칼스버그
칼스버그
칼스버그
칼스버그
칼스버그
칼스버그
칼스버그
칼스버그
칼스버그
칼스버그
칼스버그
칼스버그
칼스버그
칼스버그
칼스버그
칼스버그
칼스버그
칼스버그
칼스버그
칼스버그
칼스버그
칼스버그
칼스버그
칼스버그
칼스버그
칼스버그
칼스버그
칼스버그
칼스버그
칼스버그
칼스버그
칼스버그
칼스버그
칼스버그
칼스버그
칼스버그
칼스버그
칼스버그
칼스버그
칼스버그
칼스버그
칼스버그
칼스버그
칼스버그
칼스버그
칼스버그
칼스버그
칼스버그
칼스버그
칼스버그
칼스버그
칼스버그
칼스버그
칼스버그
칼스버그
칼스버그
칼스버그
칼스버그
칼스버그
칼스버그
칼스버그
칼스버그
칼스버그
칼스버그
칼스버그
칼스버그
칼스버그
칼스버그
칼스버그
칼스버그
칼스버그
칼스버그
칼스버그
칼스버그
칼스버그
칼스버그
칼스버그
칼스버그
칼스버그
칼스버그
칼스버그
칼스버그
칼스버그
칼스버그
칼스버그
칼스버그
칼스버그
칼스버그
칼스버그
칼스버그
칼스버그
칼스버그
칼스버그
칼스버그
칼스버그
칼스버그
칼스버그
칼스버그
칼스버그
칼스버그
칼스버그
칼스버그
칼스버그
칼스버그
칼스버그
칼스버그
칼스버그
칼스버그
칼스버그
칼스버그
칼스버그
칼스버그
칼스버그
칼스버그
칼스버그
칼스버그
칼스버그
칼스버그
칼스버그
칼스버그
칼스버그
칼스버그
칼스버그
칼스버그
칼스버그
칼스버그
칼스버그
칼스버그
칼스버그
칼스버그
칼스버그
칼스버그
칼스버그
칼스버그
칼스버그
칼스버그
칼스버그
칼스버그
칼스버그
칼스버그
칼스버그
칼스버그
칼스버그
칼스버그
칼스버그
칼스버그
칼스버그
칼스버그
칼스버그
칼스버그
칼스버그
칼스버그
칼스버그
칼스버그
칼스버그
칼스버그
칼스버그
칼스버그
칼스버그
칼스버그
칼스버그
칼스버그
칼스버그
칼스버그
칼스버그
칼스버그
칼스버그
칼스버그
칼스버그
칼스버그
칼스버그
칼스버그
칼스버그
칼스버그
칼스버그
칼스버그
칼스버그
칼스버그
칼스버그
칼스버그
칼스버그
칼스버그
칼스버그
칼스버그
칼스버그
칼스버그
칼스버그
칼스버그
칼스버그
칼스버그
칼스버그
칼스버그
칼스버그
칼스버그
칼스버그
칼스버그
칼스버그
칼스버그
칼스버그
칼스버그
칼스버그
칼스버그
칼스버그
칼스버그
칼스버그
칼스버그
칼스버그
칼스버그
칼스버그
칼스버그
칼스버그
칼스버그
칼스버그
칼스버그
칼스버그
칼스버그
칼스버그
칼스버그
칼스버그
칼스버그
칼스버그
칼스버그
칼스버그
칼스버그
칼스버그
칼스버그
칼스버그
칼스버그
칼스버그
칼스버그
칼스버그
칼스버그
칼스버그
칼스버그
칼스버그
칼스버그
칼스버그
칼스버그
칼스버그
칼스버그
칼스버그
칼스버그
칼스버그
칼스버그
칼스버그
칼스버그
칼스버그
칼스버그
칼스버그
칼스버그
칼스버그
칼스버그
칼스버그
칼스버그
칼스버그
칼스버그
칼스버그
칼스버그
칼스버그
칼스버그
칼스버그
칼스버그
칼스버그
칼스버그
칼스버그
칼스버그
칼스버그
칼스버그
칼스버그
칼스버그
칼스버그
칼스버그
칼스버그
칼스버그
칼스버그
칼스버그
칼스버그
칼스버그
칼스버그
칼스버그
칼스버그
칼스버그
칼스버그
칼스버그
칼스버그
칼스버그
칼스버그
칼스버그
칼스버그
칼스버그
칼스버그
칼스버그
칼스버그
칼스버그
칼스버그
칼스버그
칼스버그
칼스버그
칼스버그
칼스버그
칼스버그
칼스버그
칼스버그
칼스버그
칼스버그
칼스버그
칼스버그
칼스버그
칼스버그
칼스버그
칼스버그
칼스버그
칼스버그
칼스버그
칼스버그
칼스버그
칼스버그
칼스버그
칼스버그
칼스버그
칼스버그
칼스버그
칼스버그
칼스버그
칼스버그
칼스버그
칼스버그
칼스버그
칼스버그
칼스버그
칼스버그
칼스버그
칼스버그
칼스버그
칼스버그
칼스버그
칼스버그
칼스버그
칼스버그
칼스버그
칼스버그
칼스버그
칼스버그
칼스버그
칼스버그
칼스버그
칼스버그
칼스버그
칼스버그
칼스버그
칼스버그
칼스버그
칼스버그
칼스버그
칼스버그
칼스버그
칼스버그
칼스버그
칼스버그
칼스버그
칼스버그
칼스버그
칼스버그
칼스버그
칼스버그
칼스버그
칼스버그
칼스버그
칼스버그
칼스버그
칼스버그
칼스버그
칼스버그
칼스버그
칼스버그
칼스버그
칼스버그
칼스버그
칼스버그
칼스버그
칼스버그
칼스버그
칼스버그
칼스버그
코젤
코젤
코젤
코젤
코젤
코젤
코젤
코젤
코젤
코젤
코젤
코젤
코젤
코젤
코젤
코젤
코젤
코젤
코젤
코젤
코젤
코젤
코젤
코젤
코젤
코젤
코젤
코젤
코젤
코젤
코젤
코젤
코젤
코젤
코젤
코젤
코젤
코젤
코젤
코젤
코젤
코젤
코젤
코젤
코젤
코젤
코젤
코젤
코젤
코젤
코젤
코젤
코젤
코젤
코젤
코젤
코젤
코젤
코젤
코젤
코젤
코젤
코젤
코젤
코젤
코젤
코젤
코젤
코젤
코젤
코젤
코젤
코젤
코젤
코젤
코젤
코젤
코젤
코젤
코젤
코젤
코젤
코젤
코젤
코젤
코젤
코젤
코젤
코젤
코젤
코젤
코젤
코젤
코젤
코젤
코젤
코젤
코젤
코젤
코젤
코젤
코젤
코젤
코젤
코젤
코젤
코젤
코젤
코젤
코젤
코젤
코젤
코젤
코젤
코젤
코젤
코젤
코젤
코젤
코젤
코젤
코젤
코젤
코젤
코젤
코젤
코젤
코젤
코젤
코젤
코젤
코젤
코젤
코젤
코젤
코젤
코젤
코젤
코젤
코젤
코젤
코젤
코젤
코젤
코젤
코젤
코젤
코젤
코젤
코젤
코젤
코젤
코젤
코젤
코젤
코젤
코젤
코젤
코젤
코젤
코젤
코젤
코젤
코젤
코젤
코젤
코젤
코젤
코젤
코젤
코젤
코젤
코젤
코젤
코젤
코젤
코젤
코젤
코젤
코젤
코젤
코젤
코젤
코젤
코젤
코젤
코젤
코젤
코젤
코젤
코젤
코젤
코젤
코젤
코젤
코젤
코젤
코젤
코젤
코젤
코젤
코젤
코젤
코젤
코젤
코젤
코젤
코젤
코젤
코젤
코젤
코젤
코젤
코젤
코젤
코젤
코젤
코젤
코젤
코젤
코젤
코젤
코젤
코젤
코젤
코젤
코젤
코젤
코젤
코젤
코젤
코젤
코젤
코젤
코젤
코젤
코젤
코젤
코젤
코젤
코젤
코젤
코젤
코젤
코젤
코젤
코젤
코젤
코젤
코젤
코젤
코젤
코젤
코젤
코젤
코젤
코젤
코젤
코젤
코젤
코젤
코젤
코젤
코젤
코젤
코젤
코젤
코젤
코젤
코젤
코젤
코젤
코젤
코젤
코젤
코젤
코젤
코젤
코젤
코젤
코젤
코젤
코젤
코젤
코젤
코젤
코젤
코젤
코젤
코젤
코젤
코젤
코젤
코젤
코젤
코젤
코젤
코젤
코젤
코젤
코젤
코젤
코젤
코젤
코젤
코젤
코젤
코젤
코젤
코젤
코젤
코젤
코젤
코젤
코젤
코젤
코젤
코젤
코젤
코젤
코젤
코젤
코젤
코젤
코젤
코젤
코젤
코젤
코젤
코젤
코젤
코젤
코젤
코젤
코젤
코젤
코젤
코젤
코젤
코젤
코젤
코젤
코젤
코젤
코젤
코젤
코젤
코젤
코젤
코젤
코젤
코젤
코젤
코젤
코젤
코젤
코젤
코젤
코젤
코젤
코젤
코젤
코젤
코젤
코젤
코젤
코젤
코젤
코젤
코젤
코젤
코젤
코젤
코젤
코젤
코젤
코젤
코젤
코젤
코젤
코젤
코젤
코젤
코젤
코젤
코젤
코젤
코젤
코젤
코젤
코젤
코젤
코젤
코젤
코젤
코젤
코젤
코젤
코젤
코젤
코젤
코젤
코젤
코젤
코젤
코젤
코젤
코젤
코젤
코젤
코젤
코젤
코젤
코젤
코젤
코젤
코젤
코젤
코젤
코젤
코젤
코젤
코젤
코젤
코젤
코젤
코젤
코젤
코젤
코젤
코젤
코젤
코젤
코젤
코젤
코젤
코젤
코젤
코젤
코젤
코젤
코젤
코젤
코젤
코젤
코젤
코젤
코젤
코젤
코젤
코젤
코젤
코젤
코젤
코젤
코젤
코젤
코젤
코젤
코젤
코젤
코젤
코젤
코젤
코젤
코젤
코젤
코젤
코젤
코젤
코젤
코젤
코젤
코젤
코젤
코젤
코젤
코젤
코젤
코젤
코젤
코젤
코젤
코젤
코젤
코젤
코젤
코젤
코젤
코젤
코젤
코젤
코젤
코젤
코젤
코젤
코젤
코젤
코젤
코젤
코젤
코젤
코젤
코젤
코젤
코젤
코젤
코젤
코젤
코젤
코젤
코젤
코젤
코젤
코젤
코젤
코젤
코젤
코젤
코젤
코젤
코젤
코젤
코젤
코젤
코젤
코젤
코젤
코젤
코젤
코젤
코젤
코젤
코젤
코젤
코젤
코젤
코젤
코젤
코젤
코젤
코젤
코젤
코젤
코젤
코젤
코젤
코젤
코젤
코젤
코젤
코젤
코젤
코젤
코젤
코젤
코젤
코젤
코젤
코젤
코젤
코젤
코젤
코젤
코젤
코젤
코젤
코젤
코젤
코젤
코젤
코젤
코젤
코젤
코젤
코젤
코젤
코젤
코젤
코젤
코젤
코젤
코젤
코젤
코젤
코젤
코젤
코젤
코젤
코젤
코젤
코젤
코젤
코젤
코젤
코젤
코젤
코젤
코젤
코젤
코젤
코젤
코젤
코젤
코젤
코젤
코젤
코젤
코젤
코젤
코젤
코젤
코젤
코젤
코젤
코젤
코젤
코젤
코젤
코젤
코젤
코젤
코젤
코젤
코젤
코젤
코젤
코젤
코젤
코젤
코젤
코젤
코젤
코젤
코젤
코젤
코젤
코젤
코젤
코젤
코젤
코젤
코젤
코젤
코젤
코젤
코젤
코젤
코젤
코젤
코젤
코젤
코젤
코젤
코젤
코젤
코젤
코젤
코젤
코젤
코젤
코젤
코젤
코젤
코젤
코젤
코젤
코젤
코젤
코젤
코젤
코젤
코젤
코젤
코젤
코젤
코젤
코젤
코젤
코젤
코젤
코젤
코젤
코젤
코젤
코젤
코젤
코젤
코젤
코젤
코젤
코젤
코젤
코젤
코젤
코젤
코젤
코젤
코젤
코젤
코젤
코젤
코젤
코젤
코젤
코젤
코젤
코젤
코젤
코젤
코젤
코젤
코젤
코젤
코젤
코젤
코젤
코젤
코젤
코젤
코젤
코젤
코젤
코젤
코젤
코젤
코젤
코젤
코젤
코젤
코젤
코젤
코젤
코젤
코젤
코젤
코젤
코젤
코젤
코젤
코젤
코젤
코젤
코젤
코젤
코젤
코젤
코젤
코젤
코젤
코젤
코젤
코젤
코젤
코젤
코젤
코젤
코젤
코젤
코젤
코젤
코젤
코젤
코젤
코젤
코젤
코젤
코젤
코젤
코젤
코젤
코젤
코젤
코젤
코젤
코젤
코젤
코젤
코젤
코젤
코젤
코젤
코젤
코젤
코젤
코젤
코젤
코젤
코젤
코젤
코젤
코젤
코젤
코젤
코젤
코젤
코젤
코젤
코젤
코젤
코젤
코젤
코젤
코젤
코젤
코젤
코젤
코젤
코젤
코젤
코젤
코젤
코젤
코젤
코젤
코젤
코젤
코젤
코젤
코젤
코젤
코젤
코젤
코젤
코젤
코젤
코젤
코젤
코젤
코젤
코젤
코젤
코젤
코젤
코젤
코젤
코젤
코젤
코젤
코젤
코젤
코젤
코젤
코젤
코젤
코젤
코젤
코젤
코젤
코젤
코젤
코젤
코젤
코젤
코젤
코젤
코젤
코젤
코젤
코젤
코젤
코젤
코젤
코젤
코젤
코젤
코젤
코젤
코젤
코젤
코젤
코젤
코젤
코젤
코젤
코젤
코젤
코젤
코젤
코젤
코젤
코젤
코젤
코젤
코젤
코젤
코젤
코젤
코젤
코젤
코젤
코젤
코젤
코젤
코젤
코젤
코젤
코젤
코젤
코젤
코젤
코젤
코젤
코젤
코젤
코젤
코젤
코젤
코젤
코젤
코젤
코젤
코젤
코젤
코젤
코젤
코젤
코젤
코젤
코젤
코젤
코젤
코젤
코젤
코젤
코젤
코젤
코젤
코젤
코젤
코젤
코젤
코젤
코젤
코젤
코젤
코젤
코젤
코젤
코젤
코젤
코젤
코젤
코젤
코젤
코젤
코젤
코젤
코젤
코젤
코젤
코젤
코젤
코젤
코젤
코젤
코젤
코젤
코젤
코젤
코젤
코젤
코젤
코젤
코젤
코젤
코젤
코젤
코젤
코젤
코젤
코젤
코젤
코젤
코젤
코젤
코젤
코젤
코젤
코젤
코젤
코젤
코젤
코젤
코젤
코젤
코젤
코젤
코젤
코젤
코젤
코젤
코젤
코젤
코젤
코젤
코젤
코젤
코젤
코젤
코젤
코젤
코젤
코젤
코젤
코젤
코젤
코젤
코젤
코젤
코젤
코젤
코젤
코젤
코젤
코젤
코젤
코젤
코젤
코젤
코젤
코젤
코젤
코젤
코젤
코젤
코젤
코젤
코젤
코젤
코젤
코젤
코젤
코젤
코젤
코젤
코젤
코젤
코젤
코젤
코젤
코젤
코젤
코젤
코젤
코젤
코젤
코젤
코젤
코젤
코젤
코젤
코젤
코젤
코젤
코젤
코젤
코젤
코젤
코젤
코젤
코젤
코젤
코젤
코젤
코젤
코젤
코젤
코젤
코젤
코젤
코젤
코젤
코젤
코젤
코젤
코젤
코젤
코젤
코젤
코젤
코젤
코젤
코젤
코젤
코젤
코젤
코젤
코젤
코젤
코젤
코젤
코젤
코젤
코젤
코젤
코젤
코젤
코젤
코젤
코젤
코젤
코젤
코젤
코젤
코젤
코젤
코젤
코젤
코젤
코젤
코젤
코젤
코젤
코젤
코젤
코젤
코젤
코젤
코젤
코젤
코젤
코젤
코젤
코젤
코젤
코젤
코젤
코젤
코젤
코젤
코젤
코젤
코젤
코젤
코젤
코젤
코젤
코젤
코젤
코젤
코젤
코젤
코젤
코젤
코젤
코젤
코젤
코젤
코젤
코젤
코젤
코젤
코젤
코젤
코젤
코젤
코젤
코젤
코젤
코젤
코젤
코젤
코젤
코젤
코젤
코젤
코젤
코젤
코젤
코젤
코젤
코젤
코젤
코젤
코젤
코젤
코젤
코젤
코젤
코젤
코젤
코젤
코젤
코젤
코젤
코젤
코젤
코젤
코젤
코젤
코젤
코젤
코젤
코젤
코젤
코젤
코젤
코젤
코젤
코젤
코젤
코젤
코젤
코젤
코젤
코젤
코젤
코젤
코젤
코젤
코젤
코젤
코젤
코젤
코젤
코젤
코젤
코젤
코젤
코젤
코젤
코젤
코젤
코젤
코젤
코젤
코젤
코젤
코젤
코젤
코젤
코젤
코젤
코젤
코젤
코젤
코젤
코젤
코젤
코젤
코젤
코젤
코젤
코젤
코젤
코젤
코젤
코젤
코젤
코젤
코젤
코젤
코젤
코젤
코젤
코젤
코젤
코젤
코젤
코젤
코젤
코젤
코젤
코젤
코젤
코젤
코젤
코젤
코젤
코젤
코젤
코젤
코젤
코젤
코젤
코젤
코젤
코젤
코젤
코젤
코젤
코젤
코젤
코젤
코젤
코젤
코젤
코젤
코젤
코젤
코젤
코젤
코젤
코젤
코젤
코젤
코젤
코젤
코젤
코젤
코젤
코젤
코젤
코젤
코젤
코젤
코젤
코젤
코젤
코젤
코젤
코젤
코젤
코젤
코젤
코젤
코젤
코젤
코젤
코젤
코젤
코젤
코젤
코젤
코젤
코젤
코젤
코젤
코젤
코젤
코젤
코젤
코젤
코젤
코젤
코젤
코젤
코젤
코젤
코젤
코젤
코젤
코젤
코젤
코젤
코젤
코젤
코젤
코젤
코젤
코젤
코젤
코젤
코젤
코젤
코젤
코젤
코젤
코젤
코젤
코젤
코젤
코젤
코젤
코젤
코젤
코젤
코젤
코젤
코젤
코젤
코젤
코젤
코젤
코젤
코젤
코젤
코젤
코젤
코젤
코젤
코젤
코젤
코젤
코젤
코젤
코젤
코젤
코젤
코젤
코젤
코젤
코젤
코젤
코젤
코젤
코젤
코젤
코젤
코젤
코젤
코젤
코젤
코젤
코젤
코젤
코젤
코젤
코젤
코젤
코젤
코젤
코젤
코젤
코젤
코젤
코젤
코젤
코젤
코젤
코젤
코젤
코젤
코젤
코젤
코젤
코젤
코젤
코젤
코젤
코젤
코젤
코젤
코젤
코젤
코젤
코젤
코젤
코젤
코젤
코젤
코젤
코젤
코젤
코젤
코젤
코젤
코젤
코젤
코젤
코젤
코젤
코젤
코젤
코젤
코젤
코젤
코젤
코젤
코젤
코젤
코젤
코젤
코젤
코젤
코젤
코젤
코젤
코젤
코젤
코젤
코젤
코젤
코젤
코젤
코젤
코젤
코젤
코젤
코젤
코젤
코젤
코젤
코젤
코젤
코젤
코젤
코젤
코젤
코젤
코젤
코젤
코젤
코젤
코젤
코젤
코젤
코젤
코젤
코젤
코젤
코젤
코젤
코젤
코젤
코젤
코젤
코젤
코젤
코젤
코젤
코젤
코젤
코젤
코젤
코젤
코젤
코젤
코젤
코젤
코젤
코젤
코젤
코젤
코젤
코젤
코젤
코젤
코젤
코젤
코젤
코젤
코젤
코젤
코젤
코젤
코젤
코젤
코젤
코젤
코젤
코젤
코젤
코젤
코젤
코젤
코젤
코젤
코젤
코젤
코젤
코젤
코젤
코젤
코젤
코젤
코젤
코젤
코젤
코젤
코젤
코젤
코젤
코젤
코젤
코젤
코젤
코젤
코젤
코젤
코젤
코젤
코젤
코젤
코젤
코젤
코젤
코젤
코젤
코젤
코젤
코젤
코젤
코젤
코젤
코젤
코젤
코젤
코젤
코젤
코젤
코젤
코젤
코젤
코젤
코젤
코젤
코젤
코젤
코젤
코젤
코젤
코젤
코젤
코젤
코젤
코젤
코젤
코젤
코젤
코젤
코젤
코젤
코젤
코젤
코젤
코젤
코젤
코젤
코젤
코젤
코젤
코젤
코젤
코젤
코젤
코젤
코젤
코젤
코젤
코젤
코젤
코젤
코젤
코젤
코젤
코젤
코젤
코젤
코젤
코젤
코젤
코젤
코젤
코젤
코젤
코젤
코젤
코젤
코젤
코젤
코젤
코젤
코젤
코젤
코젤
코젤
코젤
코젤
코젤
코젤
코젤
코젤
코젤
코젤
코젤
코젤
코젤
코젤
코젤
코젤
코젤
코젤
코젤
코젤
코젤
코젤
코젤
코젤
코젤
코젤
코젤
코젤
코젤
코젤
코젤
코젤
코젤
코젤
코젤
코젤
코젤
코젤
코젤
코젤
코젤
코젤
코젤
코젤
코젤
코젤
코젤
코젤
코젤
코젤
코젤
코젤
코젤
코젤
코젤
코젤
코젤
코젤
코젤
코젤
코젤
코젤
코젤
코젤
코젤
코젤
코젤
코젤
코젤
코젤
코젤
코젤
코젤
코젤
코젤
코젤
코젤
코젤
코젤
코젤
코젤
코젤
코젤
코젤
코젤
코젤
코젤
코젤
코젤
코젤
코젤
코젤
코젤
코젤
코젤
코젤
코젤
코젤
코젤
코젤
코젤
코젤
코젤
코젤
코젤
코젤
코젤
코젤
코젤
코젤
코젤
코젤
코젤
코젤
코젤
코젤
코젤
코젤
코젤
코젤
코젤
코젤
코젤
코젤
코젤
코젤
코젤
코젤
코젤
코젤
코젤
코젤
코젤
코젤
코젤
코젤
코젤
코젤
코젤
코젤
코젤
코젤
코젤
코젤
코젤
코젤
코젤
코젤
코젤
코젤
코젤
코젤
코젤
코젤
코젤
코젤
코젤
코젤
코젤
코젤
코젤
코젤
코젤
코젤
코젤
코젤
코젤
코젤
코젤
코젤
코젤
코젤
코젤
코젤
코젤
코젤
코젤
코젤
코젤
코젤
코젤
코젤
코젤
코젤
코젤
코젤
코젤
코젤
코젤
코젤
코젤
코젤
코젤
코젤
코젤
코젤
코젤
코젤
코젤
코젤
코젤
코젤
코젤
코젤
코젤
코젤
코젤
코젤
코젤
코젤
코젤
코젤
코젤
코젤
코젤
코젤
코젤
코젤
코젤
코젤
코젤
코젤
코젤
코젤
코젤
코젤
코젤
코젤
코젤
코젤
코젤
코젤
코젤
코젤
코젤
코젤
코젤
코젤
코젤
코젤
코젤
코젤
코젤
코젤
코젤
코젤
코젤
코젤
코젤
코젤
코젤
코젤
코젤
코젤
코젤
코젤
코젤
코젤
코젤
코젤
코젤
코젤
코젤
코젤
코젤
코젤
코젤
코젤
코젤
코젤
코젤
코젤
코젤
코젤
코젤
코젤
코젤
코젤
코젤
코젤
코젤
코젤
코젤
코젤
코젤
코젤
코젤
코젤
코젤
코젤
코젤
코젤
코젤
코젤
코젤
코젤
코젤
코젤
코젤
코젤
코젤
코젤
코젤
코젤
코젤
코젤
코젤
코젤
코젤
코젤
코젤
코젤
코젤
코젤
코젤
코젤
코젤
코젤
코젤
코젤
코젤
코젤
코젤
코젤
코젤
코젤
코젤
코젤
코젤
코젤
코젤
코젤
코젤
코젤
코젤
코젤
코젤
코젤
코젤
코젤
코젤
코젤
코젤
코젤
코젤
코젤
코젤
코젤
코젤
코젤
코젤
코젤
코젤
코젤
코젤
코젤
코젤
코젤
코젤
코젤
코젤
코젤
코젤
코젤
코젤
코젤
코젤
코젤
코젤
코젤
코젤
코젤
코젤
코젤
코젤
코젤
코젤
코젤
코젤
코젤
코젤
코젤
코젤
코젤
코젤
코젤
코젤
호가든
호가든
호가든
호가든
호가든
호가든
호가든
호가든
호가든
호가든
호가든
호가든
호가든
호가든
호가든
호가든
호가든
호가든
호가든
호가든
호가든
호가든
호가든
호가든
호가든
호가든
호가든
호가든
호가든
호가든
호가든
호가든
호가든
호가든
호가든
호가든
호가든
호가든
호가든
호가든
호가든
호가든
호가든
호가든
호가든
호가든
호가든
호가든
호가든
호가든
호가든
호가든
호가든
호가든
호가든
호가든
호가든
호가든
호가든
호가든
호가든
호가든
호가든
호가든
호가든
호가든
호가든
호가든
호가든
호가든
호가든
호가든
호가든
호가든
호가든
호가든
호가든
호가든
호가든
호가든
호가든
호가든
호가든
호가든
호가든
호가든
호가든
호가든
호가든
호가든
호가든
호가든
호가든
호가든
호가든
호가든
호가든
호가든
호가든
호가든
호가든
호가든
호가든
호가든
호가든
호가든
호가든
호가든
호가든
호가든
호가든
호가든
호가든
호가든
호가든
호가든
호가든
호가든
호가든
호가든
호가든
호가든
호가든
호가든
호가든
호가든
호가든
호가든
호가든
호가든
호가든
호가든
호가든
호가든
호가든
호가든
호가든
호가든
호가든
호가든
호가든
호가든
호가든
호가든
호가든
호가든
호가든
호가든
호가든
호가든
호가든
호가든
호가든
호가든
호가든
호가든
호가든
호가든
호가든
호가든
호가든
호가든
호가든
호가든
호가든
호가든
호가든
호가든
호가든
호가든
호가든
호가든
호가든
호가든
호가든
호가든
호가든
호가든
호가든
호가든
호가든
호가든
호가든
호가든
호가든
호가든
호가든
호가든
호가든
호가든
호가든
호가든
호가든
호가든
호가든
호가든
호가든
호가든
호가든
호가든
호가든
호가든
호가든
호가든
호가든
호가든
호가든
호가든
호가든
호가든
호가든
호가든
호가든
호가든
호가든
호가든
호가든
호가든
호가든
호가든
호가든
호가든
호가든
호가든
호가든
호가든
호가든
호가든
호가든
호가든
호가든
호가든
호가든
호가든
호가든
호가든
호가든
호가든
호가든
호가든
호가든
호가든
호가든
호가든
호가든
호가든
호가든
호가든
호가든
호가든
호가든
호가든
호가든
호가든
호가든
호가든
호가든
호가든
호가든
호가든
호가든
호가든
호가든
호가든
호가든
호가든
호가든
호가든
호가든
호가든
호가든
호가든
호가든
호가든
호가든
호가든
호가든
호가든
호가든
호가든
호가든
호가든
호가든
호가든
호가든
호가든
호가든
호가든
호가든
호가든
호가든
호가든
호가든
호가든
호가든
호가든
호가든
호가든
호가든
호가든
호가든
호가든
호가든
호가든
호가든
호가든
호가든
호가든
호가든
호가든
호가든
호가든
호가든
호가든
호가든
호가든
호가든
호가든
호가든
호가든
호가든
호가든
호가든
호가든
호가든
호가든
호가든
호가든
호가든
호가든
호가든
호가든
호가든
호가든
호가든
호가든
호가든
호가든
호가든
호가든
호가든
호가든
호가든
호가든
호가든
호가든
호가든
호가든
호가든
호가든
호가든
호가든
호가든
호가든
호가든
호가든
호가든
호가든
호가든
호가든
호가든
호가든
호가든
호가든
호가든
호가든
호가든
호가든
호가든
호가든
호가든
호가든
호가든
호가든
호가든
호가든
호가든
호가든
호가든
호가든
호가든
호가든
호가든
호가든
호가든
호가든
호가든
호가든
호가든
호가든
호가든
호가든
호가든
호가든
호가든
호가든
호가든
호가든
호가든
호가든
호가든
호가든
호가든
호가든
호가든
호가든
호가든
호가든
호가든
호가든
호가든
호가든
호가든
호가든
호가든
호가든
호가든
호가든
호가든
호가든
호가든
호가든
호가든
호가든
호가든
호가든
호가든
호가든
호가든
호가든
호가든
호가든
호가든
호가든
호가든
호가든
호가든
호가든
호가든
호가든
호가든
호가든
호가든
호가든
호가든
호가든
호가든
호가든
호가든
호가든
호가든
호가든
호가든
호가든
호가든
호가든
호가든
호가든
호가든
호가든
호가든
호가든
호가든
호가든
호가든
호가든
호가든
호가든
호가든
호가든
호가든
호가든
호가든
호가든
호가든
호가든
호가든
호가든
호가든
호가든
호가든
호가든
호가든
호가든
호가든
호가든
호가든
호가든
호가든
호가든
호가든
호가든
호가든
호가든
호가든
호가든
호가든
호가든
호가든
호가든
호가든
호가든
호가든
호가든
호가든
호가든
호가든
호가든
호가든
호가든
호가든
호가든
호가든
호가든
호가든
호가든
호가든
호가든
호가든
호가든
호가든
호가든
호가든
호가든
호가든
호가든
호가든
호가든
호가든
호가든
호가든
호가든
호가든
호가든
호가든
호가든
호가든
호가든
호가든
호가든
호가든
호가든
호가든
호가든
호가든
호가든
호가든
호가든
호가든
호가든
호가든
호가든
호가든
호가든
호가든
호가든
호가든
호가든
호가든
호가든
호가든
호가든
호가든
호가든
호가든
호가든
호가든
호가든
호가든
호가든
호가든
호가든
호가든
호가든
호가든
호가든
호가든
호가든
호가든
호가든
호가든
호가든
호가든
호가든
호가든
호가든
호가든
호가든
호가든
호가든
호가든
호가든
호가든
호가든
호가든
호가든
호가든
호가든
호가든
호가든
호가든
호가든
호가든
호가든
호가든
호가든
호가든
호가든
호가든
호가든
호가든
호가든
호가든
호가든
호가든
호가든
호가든
호가든
호가든
호가든
호가든
호가든
호가든
호가든
호가든
호가든
호가든
호가든
호가든
호가든
호가든
호가든
호가든
호가든
호가든
호가든
호가든
호가든
호가든
호가든
호가든
호가든
호가든
호가든
호가든
호가든
호가든
호가든
호가든
호가든
호가든
호가든
호가든
호가든
호가든
호가든
호가든
호가든
호가든
호가든
호가든
호가든
호가든
호가든
호가든
호가든
호가든
호가든
호가든
호가든
호가든
호가든
호가든
호가든
호가든
호가든
호가든
호가든
호가든
호가든
호가든
호가든
호가든
호가든
호가든
호가든
호가든
호가든
호가든
호가든
호가든
호가든
호가든
호가든
호가든
호가든
호가든
호가든
호가든
호가든
호가든
호가든
호가든
호가든
호가든
호가든
호가든
호가든
호가든
호가든
호가든
호가든
호가든
호가든
호가든
호가든
호가든
호가든
호가든
호가든
호가든
호가든
호가든
호가든
호가든
호가든
호가든
호가든
호가든
호가든
호가든
호가든
호가든
호가든
호가든
호가든
호가든
호가든
호가든
호가든
호가든
호가든
호가든
호가든
호가든
호가든
호가든
호가든
호가든
호가든
호가든
호가든
호가든
호가든
호가든
호가든
호가든
호가든
호가든
호가든
호가든
호가든
호가든
호가든
호가든
호가든
호가든
호가든
호가든
호가든
호가든
호가든
호가든
호가든
호가든
호가든
호가든
호가든
호가든
호가든
호가든
호가든
호가든
호가든
호가든
호가든
호가든
호가든
호가든
호가든
호가든
호가든
호가든
호가든
호가든
호가든
호가든
호가든
호가든
호가든
호가든
호가든
호가든
호가든
호가든
호가든
호가든
호가든
호가든
호가든
호가든
호가든
호가든
호가든
호가든
호가든
호가든
호가든
호가든
호가든
호가든
호가든
호가든
호가든
호가든
호가든
호가든
호가든
호가든
호가든
호가든
호가든
호가든
호가든
호가든
호가든
호가든
호가든
호가든
호가든
호가든
호가든
호가든
호가든
호가든
호가든
호가든
호가든
호가든
호가든
호가든
호가든
호가든
호가든
호가든
호가든
호가든
호가든
호가든
호가든
호가든
호가든
호가든
호가든
호가든
호가든
호가든
호가든
호가든
호가든
호가든
호가든
호가든
호가든
호가든
호가든
호가든
호가든
호가든
호가든
호가든
호가든
호가든
호가든
호가든
호가든
호가든
호가든
호가든
호가든
호가든
호가든
호가든
호가든
호가든
호가든
호가든
호가든
호가든
호가든
호가든
호가든
호가든
호가든
호가든
호가든
호가든
호가든
호가든
호가든
호가든
호가든
호가든
호가든
호가든
호가든
호가든
호가든
호가든
호가든
호가든
호가든
호가든
호가든
호가든
호가든
호가든
호가든
호가든
호가든
호가든
호가든
호가든
호가든
호가든
호가든
호가든
호가든
호가든
호가든
호가든
호가든
호가든
호가든
호가든
호가든
호가든
호가든
호가든
호가든
호가든
호가든
호가든
호가든
호가든
호가든
호가든
호가든
호가든
호가든
호가든
호가든
호가든
호가든
호가든
호가든
호가든
호가든
호가든
호가든
호가든
호가든
호가든
호가든
호가든
호가든
호가든
호가든
호가든
호가든
호가든
호가든
호가든
호가든
호가든
호가든
호가든
호가든
호가든
호가든
호가든
호가든
호가든
호가든
호가든
호가든
호가든
호가든
호가든
호가든
호가든
호가든
호가든
호가든
호가든
호가든
호가든
호가든
호가든
호가든
호가든
호가든
호가든
호가든
호가든
호가든
호가든
호가든
호가든
호가든
호가든
호가든
호가든
호가든
호가든
호가든
호가든
호가든
호가든
호가든
호가든
호가든
호가든
호가든
호가든
호가든
호가든
호가든
호가든
호가든
호가든
호가든
호가든
호가든
호가든
호가든
호가든
호가든
호가든
호가든
호가든
호가든
호가든
호가든
호가든
호가든
호가든
호가든
호가든
호가든
호가든
호가든
호가든
호가든
호가든
호가든
호가든
호가든
호가든
호가든
호가든
호가든
호가든
호가든
호가든
호가든
호가든
호가든
호가든
호가든
호가든
호가든
호가든
호가든
호가든
호가든
호가든
호가든
호가든
호가든
호가든
호가든
호가든
호가든
호가든
호가든
호가든
호가든
호가든
호가든
호가든
호가든
호가든
호가든
호가든
호가든
호가든
호가든
호가든
호가든
호가든
호가든
호가든
호가든
호가든
호가든
호가든
호가든
호가든
호가든
호가든
호가든
호가든
호가든
호가든
호가든
호가든
호가든
호가든
호가든
호가든
호가든
호가든
호가든
호가든
호가든
호가든
호가든
호가든
호가든
호가든
호가든
호가든
호가든
호가든
호가든
호가든
호가든
호가든
호가든
호가든
호가든
호가든
호가든
호가든
호가든
호가든
호가든
호가든
호가든
호가든
호가든
호가든
호가든
호가든
호가든
호가든
호가든
호가든
호가든
호가든
호가든
호가든
호가든
호가든
호가든
호가든
호가든
호가든
호가든
호가든
호가든
호가든
호가든
호가든
호가든
호가든
호가든
호가든
호가든
호가든
호가든
호가든
호가든
호가든
호가든
호가든
호가든
호가든
호가든
호가든
호가든
호가든
호가든
호가든
호가든
호가든
호가든
호가든
호가든
호가든
호가든
호가든
호가든
호가든
호가든
호가든
호가든
호가든
호가든
호가든
호가든
호가든
호가든
호가든
호가든
호가든
호가든
호가든
호가든
호가든
호가든
호가든
호가든
호가든
호가든
호가든
호가든
호가든
호가든
호가든
호가든
호가든
호가든
호가든
호가든
호가든
호가든
호가든
호가든
호가든
호가든
호가든
호가든
호가든
호가든
호가든
호가든
호가든
호가든
호가든
호가든
호가든
호가든
호가든
호가든
호가든
호가든
호가든
호가든
호가든
호가든
호가든
호가든
호가든
호가든
호가든
호가든
호가든
호가든
호가든
호가든
호가든
호가든
호가든
호가든
호가든
호가든
호가든
호가든
호가든
호가든
호가든
호가든
호가든
호가든
호가든
호가든
호가든
호가든
호가든
호가든
호가든
호가든
호가든
호가든
호가든
호가든
호가든
호가든
호가든
호가든
호가든
호가든
호가든
호가든
호가든
호가든
호가든
호가든
호가든
호가든
호가든
호가든
호가든
호가든
호가든
호가든
호가든
호가든
호가든
호가든
호가든
호가든
호가든
호가든
호가든
호가든
호가든
호가든
호가든
호가든
호가든
호가든
호가든
호가든
호가든
호가든
호가든
호가든
호가든
호가든
호가든
호가든
호가든
호가든
호가든
호가든
호가든
호가든
호가든
호가든
호가든
호가든
호가든
호가든
호가든
호가든
호가든
호가든
호가든
호가든
호가든
호가든
호가든
호가든
호가든
호가든
호가든
호가든
호가든
호가든
호가든
호가든
호가든
호가든
호가든
호가든
호가든
호가든
호가든
호가든
호가든
호가든
호가든
호가든
호가든
호가든
호가든
호가든
호가든
호가든
호가든
호가든
호가든
호가든
호가든
호가든
호가든
호가든
호가든
호가든
호가든
호가든
호가든
호가든
호가든
호가든
호가든
호가든
호가든
호가든
호가든
호가든
호가든
호가든
호가든
호가든
호가든
호가든
호가든
호가든
호가든
호가든
호가든
호가든
호가든
호가든
호가든
호가든
호가든
호가든
호가든
호가든
호가든
호가든
호가든
호가든
호가든
호가든
호가든
호가든
호가든
호가든
호가든
호가든
호가든
호가든
호가든
호가든
호가든
호가든
호가든
호가든
호가든
호가든
호가든
호가든
호가든
호가든
호가든
호가든
호가든
호가든
호가든
호가든
호가든
호가든
호가든
호가든
호가든
호가든
호가든
호가든
호가든
호가든
호가든
호가든
호가든
호가든
호가든
호가든
호가든
호가든
호가든
호가든
호가든
호가든
호가든
호가든
호가든
호가든
호가든
호가든
호가든
호가든
호가든
호가든
호가든
호가든
호가든
호가든
호가든
호가든
호가든
호가든
호가든
호가든
호가든
호가든
호가든
호가든
호가든
호가든
호가든
호가든
호가든
호가든
호가든
호가든
호가든
호가든
호가든
호가든
호가든
호가든
호가든
호가든
호가든
호가든
호가든
호가든
호가든
호가든
호가든
호가든
호가든
호가든
호가든
호가든
호가든
호가든
호가든
호가든
호가든
호가든
호가든
호가든
호가든
호가든
호가든
호가든
호가든
호가든
호가든
호가든
호가든
호가든
호가든
호가든
호가든
호가든
호가든
호가든
호가든
호가든
호가든
호가든
호가든
호가든
호가든
호가든
호가든
호가든
호가든
호가든
호가든
호가든
호가든
호가든
호가든
호가든
호가든
호가든
호가든
호가든
호가든
호가든
호가든
호가든
호가든
호가든
호가든
호가든
호가든
호가든
호가든
호가든
호가든
호가든
호가든
호가든
호가든
호가든
호가든
호가든
호가든
호가든
호가든
호가든
호가든
호가든
호가든
호가든
호가든
호가든
호가든
호가든
호가든
호가든
호가든
호가든
호가든
호가든
호가든
호가든
호가든
호가든
호가든
호가든
호가든
호가든
호가든
호가든
호가든
호가든
호가든
호가든
호가든
호가든
호가든
호가든
호가든
호가든
호가든
호가든
호가든
호가든
호가든
호가든
호가든
호가든
호가든
호가든
호가든
호가든
호가든
호가든
호가든
호가든
호가든
호가든
호가든
호가든
호가든
호가든
호가든
호가든
호가든
호가든
호가든
호가든
호가든
호가든
호가든
호가든
호가든
호가든
호가든
호가든
호가든
호가든
호가든
호가든
호가든
호가든
호가든
호가든
호가든
호가든
호가든
호가든
호가든
호가든
호가든
호가든
호가든
호가든
호가든
호가든
호가든
호가든
호가든
호가든
호가든
호가든
호가든
호가든
호가든
호가든
호가든
호가든
호가든
호가든
호가든
호가든
호가든
호가든
호가든
호가든
호가든
호가든
호가든
호가든
호가든
호가든
호가든
호가든
호가든
호가든
호가든
호가든
호가든
호가든
호가든
호가든
호가든
호가든
호가든
호가든
호가든
호가든
호가든
호가든
호가든
호가든
호가든
호가든
호가든
호가든
호가든
호가든
호가든
호가든
호가든
호가든
호가든
호가든
호가든
호가든
호가든
호가든
호가든
호가든
호가든
호가든
호가든
호가든
호가든
호가든
호가든
호가든
호가든
호가든
호가든
호가든
호가든
호가든
호가든
호가든
호가든
호가든
호가든
호가든
호가든
호가든
호가든
호가든
호가든
호가든
호가든
호가든
호가든
호가든
호가든
호가든
호가든
호가든
호가든
호가든
호가든
호가든
호가든
호가든
호가든
호가든
호가든
호가든
호가든
호가든
호가든
호가든
호가든
호가든
호가든
호가든
호가든
호가든
호가든
호가든
호가든
호가든
호가든
호가든
호가든
호가든
호가든
호가든
호가든
호가든
호가든
호가든
호가든
호가든
호가든
호가든
호가든
호가든
호가든
호가든
호가든
호가든
호가든
호가든
호가든
호가든
호가든
호가든
호가든
호가든
호가든
호가든
호가든
호가든
호가든
호가든
호가든
호가든
호가든
호가든
호가든
호가든
호가든
호가든
호가든
호가든
호가든
호가든
호가든
호가든
호가든
호가든
호가든
호가든
호가든
호가든
호가든
호가든
호가든
호가든
호가든
호가든
호가든
호가든
호가든
호가든
호가든
호가든
호가든
호가든
호가든
호가든
호가든
호가든
호가든
호가든
호가든
호가든
호가든
호가든
호가든
호가든
호가든
호가든
호가든
호가든
호가든
호가든
호가든
호가든
호가든
호가든
호가든
호가든
호가든
호가든
호가든
호가든
호가든
호가든
호가든
호가든
호가든
호가든
호가든
호가든
호가든
호가든
호가든
호가든
호가든
호가든
호가든
호가든
호가든
호가든
호가든
호가든
호가든
호가든
호가든
호가든
호가든
호가든
호가든
호가든
호가든
호가든
호가든
호가든
호가든
호가든
호가든
호가든
호가든
호가든
호가든
호가든
호가든
호가든
호가든
호가든
호가든
호가든
호가든
호가든
호가든
호가든
호가든
호가든
호가든
호가든
호가든
호가든
호가든
호가든
호가든
호가든
호가든
호가든
호가든
호가든
호가든
호가든
호가든
호가든
호가든
호가든
호가든
호가든
호가든
호가든
호가든
호가든
호가든
호가든
호가든
호가든
호가든
호가든
호가든
호가든
호가든
호가든
호가든
호가든
호가든
호가든
호가든
호가든
호가든
호가든
호가든
호가든
호가든
호가든
호가든
호가든
호가든
호가든
호가든
호가든
호가든
호가든
호가든
호가든
호가든
호가든
호가든
호가든
호가든
호가든
호가든
호가든
호가든
호가든
호가든
호가든
호가든
호가든
호가든
호가든
호가든
호가든
호가든
버드와이저
버드와이저
버드와이저
버드와이저
버드와이저
버드와이저
버드와이저
버드와이저
버드와이저
버드와이저
버드와이저
버드와이저
버드와이저
버드와이저
버드와이저
버드와이저
버드와이저
버드와이저
버드와이저
버드와이저
버드와이저
버드와이저
버드와이저
버드와이저
버드와이저
버드와이저
버드와이저
버드와이저
버드와이저
버드와이저
버드와이저
버드와이저
버드와이저
버드와이저
버드와이저
버드와이저
버드와이저
버드와이저
버드와이저
버드와이저
버드와이저
버드와이저
버드와이저
버드와이저
버드와이저
버드와이저
버드와이저
버드와이저
버드와이저
버드와이저
버드와이저
버드와이저
버드와이저
버드와이저
버드와이저
버드와이저
버드와이저
버드와이저
버드와이저
버드와이저
버드와이저
버드와이저
버드와이저
버드와이저
버드와이저
버드와이저
버드와이저
버드와이저
버드와이저
버드와이저
버드와이저
버드와이저
버드와이저
버드와이저
버드와이저
버드와이저
버드와이저
버드와이저
버드와이저
버드와이저
버드와이저
버드와이저
버드와이저
버드와이저
버드와이저
버드와이저
버드와이저
버드와이저
버드와이저
버드와이저
버드와이저
버드와이저
버드와이저
버드와이저
버드와이저
버드와이저
버드와이저
버드와이저
버드와이저
버드와이저
버드와이저
버드와이저
버드와이저
버드와이저
버드와이저
버드와이저
버드와이저
버드와이저
버드와이저
버드와이저
버드와이저
버드와이저
버드와이저
버드와이저
버드와이저
버드와이저
버드와이저
버드와이저
버드와이저
버드와이저
버드와이저
버드와이저
버드와이저
버드와이저
버드와이저
버드와이저
버드와이저
버드와이저
버드와이저
버드와이저
버드와이저
버드와이저
버드와이저
버드와이저
버드와이저
버드와이저
버드와이저
버드와이저
버드와이저
버드와이저
버드와이저
버드와이저
버드와이저
버드와이저
버드와이저
버드와이저
버드와이저
버드와이저
버드와이저
버드와이저
버드와이저
버드와이저
버드와이저
버드와이저
버드와이저
버드와이저
버드와이저
버드와이저
버드와이저
버드와이저
버드와이저
버드와이저
버드와이저
버드와이저
버드와이저
버드와이저
버드와이저
버드와이저
버드와이저
버드와이저
버드와이저
버드와이저
버드와이저
버드와이저
버드와이저
버드와이저
버드와이저
버드와이저
버드와이저
버드와이저
버드와이저
버드와이저
버드와이저
버드와이저
버드와이저
버드와이저
버드와이저
버드와이저
버드와이저
버드와이저
버드와이저
버드와이저
버드와이저
버드와이저
버드와이저
버드와이저
버드와이저
버드와이저
버드와이저
버드와이저
버드와이저
버드와이저
버드와이저
버드와이저
버드와이저
버드와이저
버드와이저
버드와이저
버드와이저
버드와이저
버드와이저
버드와이저
버드와이저
버드와이저
버드와이저
버드와이저
버드와이저
버드와이저
버드와이저
버드와이저
버드와이저
버드와이저
버드와이저
버드와이저
버드와이저
버드와이저
버드와이저
버드와이저
버드와이저
버드와이저
버드와이저
버드와이저
버드와이저
버드와이저
버드와이저
버드와이저
버드와이저
버드와이저
버드와이저
버드와이저
버드와이저
버드와이저
버드와이저
버드와이저
버드와이저
버드와이저
버드와이저
버드와이저
버드와이저
버드와이저
버드와이저
버드와이저
버드와이저
버드와이저
버드와이저
버드와이저
버드와이저
버드와이저
버드와이저
버드와이저
버드와이저
버드와이저
버드와이저
버드와이저
버드와이저
버드와이저
버드와이저
버드와이저
버드와이저
버드와이저
버드와이저
버드와이저
버드와이저
버드와이저
버드와이저
버드와이저
버드와이저
버드와이저
버드와이저
버드와이저
버드와이저
버드와이저
버드와이저
버드와이저
버드와이저
버드와이저
버드와이저
버드와이저
버드와이저
버드와이저
버드와이저
버드와이저
버드와이저
버드와이저
버드와이저
버드와이저
버드와이저
버드와이저
버드와이저
버드와이저
버드와이저
버드와이저
버드와이저
버드와이저
버드와이저
버드와이저
버드와이저
버드와이저
버드와이저
버드와이저
버드와이저
버드와이저
버드와이저
버드와이저
버드와이저
버드와이저
버드와이저
버드와이저
버드와이저
버드와이저
버드와이저
버드와이저
버드와이저
버드와이저
버드와이저
버드와이저
버드와이저
버드와이저
버드와이저
버드와이저
버드와이저
버드와이저
버드와이저
버드와이저
버드와이저
버드와이저
버드와이저
버드와이저
버드와이저
버드와이저
버드와이저
버드와이저
버드와이저
버드와이저
버드와이저
버드와이저
버드와이저
버드와이저
버드와이저
버드와이저
버드와이저
버드와이저
버드와이저
버드와이저
버드와이저
버드와이저
버드와이저
버드와이저
버드와이저
버드와이저
버드와이저
버드와이저
버드와이저
버드와이저
버드와이저
버드와이저
버드와이저
버드와이저
버드와이저
버드와이저
버드와이저
버드와이저
버드와이저
버드와이저
버드와이저
버드와이저
버드와이저
버드와이저
버드와이저
버드와이저
버드와이저
버드와이저
버드와이저
버드와이저
버드와이저
버드와이저
버드와이저
버드와이저
버드와이저
버드와이저
버드와이저
버드와이저
버드와이저
버드와이저
버드와이저
버드와이저
버드와이저
버드와이저
버드와이저
버드와이저
버드와이저
버드와이저
버드와이저
버드와이저
버드와이저
버드와이저
버드와이저
버드와이저
버드와이저
버드와이저
버드와이저
버드와이저
버드와이저
버드와이저
버드와이저
버드와이저
버드와이저
버드와이저
버드와이저
버드와이저
버드와이저
버드와이저
버드와이저
버드와이저
버드와이저
버드와이저
버드와이저
버드와이저
버드와이저
버드와이저
버드와이저
버드와이저
버드와이저
버드와이저
버드와이저
버드와이저
버드와이저
버드와이저
버드와이저
버드와이저
버드와이저
버드와이저
버드와이저
버드와이저
버드와이저
버드와이저
버드와이저
버드와이저
버드와이저
버드와이저
버드와이저
버드와이저
버드와이저
버드와이저
버드와이저
버드와이저
버드와이저
버드와이저
버드와이저
버드와이저
버드와이저
버드와이저
버드와이저
버드와이저
버드와이저
버드와이저
버드와이저
버드와이저
버드와이저
버드와이저
버드와이저
버드와이저
버드와이저
버드와이저
버드와이저
버드와이저
버드와이저
버드와이저
버드와이저
버드와이저
버드와이저
버드와이저
버드와이저
버드와이저
버드와이저
버드와이저
버드와이저
버드와이저
버드와이저
버드와이저
버드와이저
버드와이저
버드와이저
버드와이저
버드와이저
버드와이저
버드와이저
버드와이저
버드와이저
버드와이저
버드와이저
버드와이저
버드와이저
버드와이저
버드와이저
버드와이저
버드와이저
버드와이저
버드와이저
버드와이저
버드와이저
버드와이저
버드와이저
버드와이저
버드와이저
버드와이저
버드와이저
버드와이저
버드와이저
버드와이저
버드와이저
버드와이저
버드와이저
버드와이저
버드와이저
버드와이저
버드와이저
버드와이저
버드와이저
버드와이저
버드와이저
버드와이저
버드와이저
버드와이저
버드와이저
버드와이저
버드와이저
버드와이저
버드와이저
버드와이저
버드와이저
버드와이저
버드와이저
버드와이저
버드와이저
버드와이저
버드와이저
버드와이저
버드와이저
버드와이저
버드와이저
버드와이저
버드와이저
버드와이저
버드와이저
버드와이저
버드와이저
버드와이저
버드와이저
버드와이저
버드와이저
버드와이저
버드와이저
버드와이저
버드와이저
버드와이저
버드와이저
버드와이저
버드와이저
버드와이저
버드와이저
버드와이저
버드와이저
버드와이저
버드와이저
버드와이저
버드와이저
버드와이저
버드와이저
버드와이저
버드와이저
버드와이저
버드와이저
버드와이저
버드와이저
버드와이저
버드와이저
버드와이저
버드와이저
버드와이저
버드와이저
버드와이저
버드와이저
버드와이저
버드와이저
버드와이저
버드와이저
버드와이저
버드와이저
버드와이저
버드와이저
버드와이저
버드와이저
버드와이저
버드와이저
버드와이저
버드와이저
버드와이저
버드와이저
버드와이저
버드와이저
버드와이저
버드와이저
버드와이저
버드와이저
버드와이저
버드와이저
버드와이저
버드와이저
버드와이저
버드와이저
버드와이저
버드와이저
버드와이저
버드와이저
버드와이저
버드와이저
버드와이저
버드와이저
버드와이저
버드와이저
버드와이저
버드와이저
버드와이저
버드와이저
버드와이저
버드와이저
버드와이저
버드와이저
버드와이저
버드와이저
버드와이저
버드와이저
버드와이저
버드와이저
버드와이저
버드와이저
버드와이저
버드와이저
버드와이저
버드와이저
버드와이저
버드와이저
버드와이저
버드와이저
버드와이저
버드와이저
버드와이저
버드와이저
버드와이저
버드와이저
버드와이저
버드와이저
버드와이저
버드와이저
버드와이저
버드와이저
버드와이저
버드와이저
버드와이저
버드와이저
버드와이저
버드와이저
버드와이저
버드와이저
버드와이저
버드와이저
버드와이저
버드와이저
버드와이저
버드와이저
버드와이저
버드와이저
버드와이저
버드와이저
버드와이저
버드와이저
버드와이저
버드와이저
버드와이저
버드와이저
버드와이저
버드와이저
버드와이저
버드와이저
버드와이저
버드와이저
버드와이저
버드와이저
버드와이저
버드와이저
버드와이저
버드와이저
버드와이저
버드와이저
버드와이저
버드와이저
버드와이저
버드와이저
버드와이저
버드와이저
버드와이저
버드와이저
버드와이저
버드와이저
버드와이저
버드와이저
버드와이저
버드와이저
버드와이저
버드와이저
버드와이저
버드와이저
버드와이저
버드와이저
버드와이저
버드와이저
버드와이저
버드와이저
버드와이저
버드와이저
버드와이저
버드와이저
버드와이저
버드와이저
버드와이저
버드와이저
버드와이저
버드와이저
버드와이저
버드와이저
버드와이저
버드와이저
버드와이저
버드와이저
버드와이저
버드와이저
버드와이저
버드와이저
버드와이저
버드와이저
버드와이저
버드와이저
버드와이저
버드와이저
버드와이저
버드와이저
버드와이저
버드와이저
버드와이저
버드와이저
버드와이저
버드와이저
버드와이저
버드와이저
버드와이저
버드와이저
버드와이저
버드와이저
버드와이저
버드와이저
버드와이저
버드와이저
버드와이저
버드와이저
버드와이저
버드와이저
버드와이저
버드와이저
버드와이저
버드와이저
버드와이저
버드와이저
버드와이저
버드와이저
버드와이저
버드와이저
버드와이저
버드와이저
버드와이저
버드와이저
버드와이저
버드와이저
버드와이저
버드와이저
버드와이저
버드와이저
버드와이저
버드와이저
버드와이저
버드와이저
버드와이저
버드와이저
버드와이저
버드와이저
버드와이저
버드와이저
버드와이저
버드와이저
버드와이저
버드와이저
버드와이저
버드와이저
버드와이저
버드와이저
버드와이저
버드와이저
버드와이저
버드와이저
버드와이저
버드와이저
버드와이저
버드와이저
버드와이저
버드와이저
버드와이저
버드와이저
버드와이저
버드와이저
버드와이저
버드와이저
버드와이저
버드와이저
버드와이저
버드와이저
버드와이저
버드와이저
버드와이저
버드와이저
버드와이저
버드와이저
버드와이저
버드와이저
버드와이저
버드와이저
버드와이저
버드와이저
버드와이저
버드와이저
버드와이저
버드와이저
버드와이저
버드와이저
버드와이저
버드와이저
버드와이저
버드와이저
버드와이저
버드와이저
버드와이저
버드와이저
버드와이저
버드와이저
버드와이저
버드와이저
버드와이저
버드와이저
버드와이저
버드와이저
버드와이저
버드와이저
버드와이저
버드와이저
버드와이저
버드와이저
버드와이저
버드와이저
버드와이저
버드와이저
버드와이저
버드와이저
버드와이저
버드와이저
버드와이저
버드와이저
버드와이저
버드와이저
버드와이저
버드와이저
버드와이저
버드와이저
버드와이저
버드와이저
버드와이저
버드와이저
버드와이저
버드와이저
버드와이저
버드와이저
버드와이저
버드와이저
버드와이저
버드와이저
버드와이저
버드와이저
버드와이저
버드와이저
버드와이저
버드와이저
버드와이저
버드와이저
버드와이저
버드와이저
버드와이저
버드와이저
버드와이저
버드와이저
버드와이저
버드와이저
버드와이저
버드와이저
버드와이저
버드와이저
버드와이저
버드와이저
버드와이저
버드와이저
버드와이저
버드와이저
버드와이저
버드와이저
버드와이저
버드와이저
버드와이저
버드와이저
버드와이저
버드와이저
버드와이저
버드와이저
버드와이저
버드와이저
버드와이저
버드와이저
버드와이저
버드와이저
버드와이저
버드와이저
버드와이저
버드와이저
버드와이저
버드와이저
버드와이저
버드와이저
버드와이저
버드와이저
버드와이저
버드와이저
버드와이저
버드와이저
버드와이저
버드와이저
버드와이저
버드와이저
버드와이저
버드와이저
버드와이저
버드와이저
버드와이저
버드와이저
버드와이저
버드와이저
버드와이저
버드와이저
버드와이저
버드와이저
버드와이저
버드와이저
버드와이저
버드와이저
버드와이저
버드와이저
버드와이저
버드와이저
버드와이저
버드와이저
버드와이저
버드와이저
버드와이저
버드와이저
버드와이저
버드와이저
버드와이저
버드와이저
버드와이저
버드와이저
버드와이저
버드와이저
버드와이저
버드와이저
버드와이저
버드와이저
버드와이저
버드와이저
버드와이저
버드와이저
버드와이저
버드와이저
버드와이저
버드와이저
버드와이저
버드와이저
버드와이저
버드와이저
버드와이저
버드와이저
버드와이저
버드와이저
버드와이저
버드와이저
버드와이저
버드와이저
버드와이저
버드와이저
버드와이저
버드와이저
버드와이저
버드와이저
버드와이저
버드와이저
버드와이저
버드와이저
버드와이저
버드와이저
버드와이저
버드와이저
버드와이저
버드와이저
버드와이저
버드와이저
버드와이저
버드와이저
버드와이저
버드와이저
버드와이저
버드와이저
버드와이저
버드와이저
버드와이저
버드와이저
버드와이저
버드와이저
버드와이저
버드와이저
버드와이저
버드와이저
버드와이저
버드와이저
버드와이저
버드와이저
버드와이저
버드와이저
버드와이저
버드와이저
버드와이저
버드와이저
버드와이저
버드와이저
버드와이저
버드와이저
버드와이저
버드와이저
버드와이저
버드와이저
버드와이저
버드와이저
버드와이저
버드와이저
버드와이저
버드와이저
버드와이저
버드와이저
버드와이저
버드와이저
버드와이저
버드와이저
버드와이저
버드와이저
버드와이저
버드와이저
버드와이저
버드와이저
버드와이저
버드와이저
버드와이저
버드와이저
버드와이저
버드와이저
버드와이저
버드와이저
버드와이저
버드와이저
버드와이저
버드와이저
버드와이저
버드와이저
버드와이저
버드와이저
버드와이저
버드와이저
버드와이저
버드와이저
버드와이저
버드와이저
버드와이저
버드와이저
버드와이저
버드와이저
버드와이저
버드와이저
버드와이저
버드와이저
버드와이저
버드와이저
버드와이저
버드와이저
버드와이저
버드와이저
버드와이저
버드와이저
버드와이저
버드와이저
버드와이저
버드와이저
버드와이저
버드와이저
버드와이저
버드와이저
버드와이저
버드와이저
버드와이저
버드와이저
버드와이저
버드와이저
버드와이저
버드와이저
버드와이저
버드와이저
버드와이저
버드와이저
버드와이저
버드와이저
버드와이저
버드와이저
버드와이저
버드와이저
버드와이저
버드와이저
버드와이저
버드와이저
버드와이저
버드와이저
버드와이저
버드와이저
버드와이저
버드와이저
버드와이저
버드와이저
버드와이저
버드와이저
버드와이저
버드와이저
버드와이저
버드와이저
버드와이저
버드와이저
버드와이저
버드와이저
버드와이저
버드와이저
버드와이저
버드와이저
버드와이저
버드와이저
버드와이저
버드와이저
버드와이저
버드와이저
버드와이저
버드와이저
버드와이저
버드와이저
버드와이저
버드와이저
버드와이저
버드와이저
버드와이저
버드와이저
버드와이저
버드와이저
버드와이저
버드와이저
버드와이저
버드와이저
버드와이저
버드와이저
버드와이저
버드와이저
버드와이저
버드와이저
버드와이저
버드와이저
버드와이저
버드와이저
버드와이저
버드와이저
버드와이저
버드와이저
버드와이저
버드와이저
버드와이저
버드와이저
버드와이저
버드와이저
버드와이저
버드와이저
버드와이저
버드와이저
버드와이저
버드와이저
버드와이저
버드와이저
버드와이저
버드와이저
버드와이저
버드와이저
버드와이저
버드와이저
버드와이저
버드와이저
버드와이저
버드와이저
버드와이저
버드와이저
버드와이저
버드와이저
버드와이저
버드와이저
버드와이저
버드와이저
버드와이저
버드와이저
버드와이저
버드와이저
버드와이저
버드와이저
버드와이저
버드와이저
버드와이저
버드와이저
버드와이저
버드와이저
버드와이저
버드와이저
버드와이저
버드와이저
버드와이저
버드와이저
버드와이저
버드와이저
버드와이저
버드와이저
버드와이저
버드와이저
버드와이저
버드와이저
버드와이저
버드와이저
버드와이저
버드와이저
버드와이저
버드와이저
버드와이저
버드와이저
버드와이저
버드와이저
버드와이저
버드와이저
버드와이저
버드와이저
버드와이저
버드와이저
버드와이저
버드와이저
버드와이저
버드와이저
버드와이저
버드와이저
버드와이저
버드와이저
버드와이저
버드와이저
버드와이저
버드와이저
버드와이저
버드와이저
버드와이저
버드와이저
버드와이저
버드와이저
버드와이저
버드와이저
버드와이저
버드와이저
버드와이저
버드와이저
버드와이저
버드와이저
버드와이저
버드와이저
버드와이저
버드와이저
버드와이저
버드와이저
버드와이저
버드와이저
버드와이저
버드와이저
버드와이저
버드와이저
버드와이저
버드와이저
버드와이저
버드와이저
버드와이저
버드와이저
버드와이저
버드와이저
버드와이저
버드와이저
버드와이저
버드와이저
버드와이저
버드와이저
버드와이저
버드와이저
버드와이저
버드와이저
버드와이저
버드와이저
버드와이저
버드와이저
버드와이저
버드와이저
버드와이저
버드와이저
버드와이저
버드와이저
버드와이저
버드와이저
버드와이저
버드와이저
버드와이저
버드와이저
버드와이저
버드와이저
버드와이저
버드와이저
버드와이저
버드와이저
버드와이저
버드와이저
버드와이저
버드와이저
버드와이저
버드와이저
버드와이저
버드와이저
버드와이저
버드와이저
버드와이저
버드와이저
버드와이저
버드와이저
버드와이저
버드와이저
버드와이저
버드와이저
버드와이저
버드와이저
버드와이저
버드와이저
버드와이저
버드와이저
버드와이저
버드와이저
버드와이저
버드와이저
버드와이저
버드와이저
버드와이저
버드와이저
버드와이저
버드와이저
버드와이저
버드와이저
버드와이저
버드와이저
버드와이저
버드와이저
버드와이저
버드와이저
버드와이저
버드와이저
버드와이저
버드와이저
버드와이저
버드와이저
버드와이저
버드와이저
버드와이저
버드와이저
버드와이저
버드와이저
버드와이저
버드와이저
버드와이저
버드와이저
버드와이저
버드와이저
버드와이저
버드와이저
버드와이저
버드와이저
버드와이저
버드와이저
버드와이저
버드와이저
버드와이저
버드와이저
버드와이저
버드와이저
버드와이저
버드와이저
버드와이저
버드와이저
버드와이저
버드와이저
버드와이저
버드와이저
버드와이저
버드와이저
버드와이저
버드와이저
버드와이저
버드와이저
버드와이저
버드와이저
버드와이저
버드와이저
버드와이저
버드와이저
버드와이저
버드와이저
버드와이저
버드와이저
버드와이저
버드와이저
버드와이저
버드와이저
버드와이저
버드와이저
버드와이저
버드와이저
버드와이저
버드와이저
버드와이저
버드와이저
버드와이저
버드와이저
버드와이저
버드와이저
버드와이저
버드와이저
버드와이저
버드와이저
버드와이저
버드와이저
버드와이저
버드와이저
버드와이저
버드와이저
버드와이저
버드와이저
버드와이저
버드와이저
버드와이저
버드와이저
버드와이저
버드와이저
버드와이저
버드와이저
버드와이저
버드와이저
버드와이저
버드와이저
버드와이저
버드와이저
버드와이저
버드와이저
버드와이저
버드와이저
버드와이저
버드와이저
버드와이저
버드와이저
버드와이저
버드와이저
버드와이저
버드와이저
버드와이저
버드와이저
버드와이저
버드와이저
버드와이저
버드와이저
버드와이저
버드와이저
버드와이저
버드와이저
버드와이저
버드와이저
버드와이저
버드와이저
버드와이저
버드와이저
버드와이저
버드와이저
버드와이저
버드와이저
버드와이저
버드와이저
버드와이저
버드와이저
버드와이저
버드와이저
버드와이저
버드와이저
버드와이저
버드와이저
버드와이저
버드와이저
버드와이저
버드와이저
버드와이저
버드와이저
버드와이저
버드와이저
버드와이저
버드와이저
버드와이저
버드와이저
버드와이저
버드와이저
버드와이저
버드와이저
버드와이저
버드와이저
버드와이저
버드와이저
버드와이저
버드와이저
버드와이저
버드와이저
버드와이저
버드와이저
버드와이저
버드와이저
버드와이저
버드와이저
버드와이저
버드와이저
버드와이저
버드와이저
버드와이저
버드와이저
버드와이저
버드와이저
버드와이저
버드와이저
버드와이저
버드와이저
버드와이저
버드와이저
버드와이저
버드와이저
버드와이저
버드와이저
버드와이저
버드와이저
버드와이저
버드와이저
버드와이저
버드와이저
버드와이저
버드와이저
버드와이저
버드와이저
버드와이저
버드와이저
버드와이저
버드와이저
버드와이저
버드와이저
버드와이저
버드와이저
버드와이저
버드와이저
버드와이저
버드와이저
버드와이저
버드와이저
버드와이저
버드와이저
버드와이저
버드와이저
버드와이저
버드와이저
버드와이저
버드와이저
버드와이저
버드와이저
버드와이저
버드와이저
버드와이저
버드와이저
버드와이저
버드와이저
버드와이저
버드와이저
버드와이저
버드와이저
버드와이저
버드와이저
버드와이저
버드와이저
버드와이저
버드와이저
버드와이저
버드와이저
버드와이저
버드와이저
버드와이저
버드와이저
버드와이저
버드와이저
버드와이저
버드와이저
버드와이저
버드와이저
버드와이저
버드와이저
버드와이저
버드와이저
버드와이저
버드와이저
버드와이저
버드와이저
버드와이저
버드와이저
버드와이저
버드와이저
버드와이저
버드와이저
버드와이저
버드와이저
버드와이저
버드와이저
버드와이저
버드와이저
버드와이저
버드와이저
버드와이저
버드와이저
버드와이저
버드와이저
버드와이저
버드와이저
버드와이저
버드와이저
버드와이저
버드와이저
버드와이저
버드와이저
버드와이저
버드와이저
버드와이저
버드와이저
버드와이저
버드와이저
버드와이저
버드와이저
버드와이저
버드와이저
버드와이저
버드와이저
버드와이저
버드와이저
버드와이저
버드와이저
버드와이저
버드와이저
버드와이저
버드와이저
버드와이저
버드와이저
버드와이저
버드와이저
버드와이저
버드와이저
버드와이저
버드와이저
버드와이저
버드와이저
버드와이저
버드와이저
버드와이저
버드와이저
버드와이저
버드와이저
버드와이저
버드와이저
버드와이저
버드와이저
버드와이저
버드와이저
버드와이저
버드와이저
버드와이저
버드와이저
버드와이저
버드와이저
버드와이저
버드와이저
버드와이저
버드와이저
버드와이저
버드와이저
버드와이저
버드와이저
버드와이저
버드와이저
버드와이저
버드와이저
버드와이저
버드와이저
버드와이저
버드와이저
버드와이저
버드와이저
버드와이저
버드와이저
버드와이저
버드와이저
버드와이저
버드와이저
버드와이저
버드와이저
버드와이저
버드와이저
버드와이저
버드와이저
버드와이저
버드와이저
버드와이저
버드와이저
버드와이저
버드와이저
버드와이저
버드와이저
버드와이저
버드와이저
버드와이저
버드와이저
버드와이저
버드와이저
버드와이저
버드와이저
버드와이저
버드와이저
버드와이저
버드와이저
버드와이저
버드와이저
버드와이저
버드와이저
버드와이저
버드와이저
버드와이저
버드와이저
버드와이저
버드와이저
버드와이저
버드와이저
버드와이저
버드와이저
버드와이저
버드와이저
버드와이저
버드와이저
버드와이저
버드와이저
버드와이저
버드와이저
버드와이저
버드와이저
버드와이저
버드와이저
버드와이저
버드와이저
버드와이저
버드와이저
버드와이저
버드와이저
버드와이저
버드와이저
버드와이저
버드와이저
버드와이저
버드와이저
버드와이저
버드와이저
버드와이저
버드와이저
버드와이저
버드와이저
버드와이저
버드와이저
버드와이저
버드와이저
버드와이저
버드와이저
버드와이저
버드와이저
버드와이저
버드와이저
버드와이저
버드와이저
버드와이저
버드와이저
버드와이저
버드와이저
버드와이저
버드와이저
버드와이저
버드와이저
버드와이저
버드와이저
버드와이저
버드와이저
버드와이저
버드와이저
버드와이저
버드와이저
버드와이저
버드와이저
버드와이저
버드와이저
버드와이저
버드와이저
버드와이저
버드와이저
버드와이저
버드와이저
버드와이저
버드와이저
버드와이저
버드와이저
버드와이저
버드와이저
버드와이저
버드와이저
버드와이저
버드와이저
버드와이저
버드와이저
버드와이저
버드와이저
버드와이저
버드와이저
버드와이저
버드와이저
버드와이저
버드와이저
버드와이저
버드와이저
버드와이저
버드와이저
버드와이저
버드와이저
버드와이저
버드와이저
버드와이저
버드와이저
버드와이저
버드와이저
버드와이저
버드와이저
버드와이저
버드와이저
버드와이저
버드와이저
버드와이저
버드와이저
버드와이저
버드와이저
버드와이저
버드와이저
버드와이저
버드와이저
버드와이저
버드와이저
버드와이저
버드와이저
버드와이저
버드와이저
버드와이저
버드와이저
버드와이저
버드와이저
버드와이저
버드와이저
버드와이저
버드와이저
버드와이저
버드와이저
버드와이저
버드와이저
버드와이저
버드와이저
버드와이저
버드와이저
버드와이저
버드와이저
버드와이저
버드와이저
버드와이저
버드와이저
버드와이저
버드와이저
버드와이저
버드와이저
버드와이저
버드와이저
버드와이저
버드와이저
버드와이저
버드와이저
버드와이저
버드와이저
버드와이저
버드와이저
버드와이저
버드와이저
버드와이저
버드와이저
버드와이저
버드와이저
버드와이저
버드와이저
버드와이저
버드와이저
버드와이저
버드와이저
버드와이저
버드와이저
버드와이저
버드와이저
버드와이저
버드와이저
버드와이저
버드와이저
버드와이저
버드와이저
버드와이저
버드와이저
버드와이저
버드와이저
버드와이저
버드와이저
버드와이저
버드와이저
버드와이저
버드와이저
버드와이저
버드와이저
버드와이저
버드와이저
버드와이저
버드와이저
버드와이저
버드와이저
버드와이저
버드와이저
버드와이저
버드와이저
버드와이저
버드와이저
버드와이저
버드와이저
버드와이저
버드와이저
버드와이저
버드와이저
버드와이저
버드와이저
버드와이저
버드와이저
버드와이저
버드와이저
버드와이저
버드와이저
버드와이저
버드와이저
버드와이저
버드와이저
버드와이저
버드와이저
버드와이저
버드와이저
버드와이저
버드와이저
버드와이저
버드와이저
버드와이저
버드와이저
버드와이저
버드와이저
버드와이저
버드와이저
버드와이저
버드와이저
버드와이저
버드와이저
버드와이저
버드와이저
버드와이저
버드와이저
버드와이저
버드와이저
버드와이저
버드와이저
버드와이저
버드와이저
버드와이저
버드와이저
버드와이저
버드와이저
버드와이저
버드와이저
버드와이저
버드와이저
버드와이저
버드와이저
버드와이저
버드와이저
버드와이저
버드와이저
버드와이저
버드와이저
버드와이저
버드와이저
버드와이저
버드와이저
버드와이저
버드와이저
버드와이저
버드와이저
버드와이저
버드와이저
버드와이저
버드와이저
버드와이저
버드와이저
버드와이저
버드와이저
버드와이저
버드와이저
버드와이저
버드와이저
버드와이저
버드와이저
버드와이저
버드와이저
버드와이저
버드와이저
버드와이저
버드와이저
버드와이저
버드와이저
버드와이저
버드와이저
버드와이저
버드와이저
버드와이저
버드와이저
버드와이저
버드와이저
버드와이저
버드와이저
버드와이저
버드와이저
버드와이저
버드와이저
버드와이저
버드와이저
버드와이저
버드와이저
버드와이저
버드와이저
버드와이저
버드와이저
버드와이저
버드와이저
버드와이저
버드와이저
버드와이저
버드와이저
버드와이저
버드와이저
버드와이저
버드와이저
버드와이저
버드와이저
버드와이저
버드와이저
버드와이저
버드와이저
버드와이저
버드와이저
버드와이저
버드와이저
버드와이저
버드와이저
버드와이저
버드와이저
버드와이저
버드와이저
버드와이저
버드와이저
버드와이저
버드와이저
버드와이저
버드와이저
버드와이저
버드와이저
버드와이저
버드와이저
버드와이저
버드와이저
버드와이저
버드와이저
버드와이저
버드와이저
버드와이저
버드와이저
버드와이저
버드와이저
버드와이저
버드와이저
버드와이저
버드와이저
버드와이저
버드와이저
버드와이저
버드와이저
버드와이저
버드와이저
버드와이저
버드와이저
버드와이저
버드와이저
버드와이저
버드와이저
버드와이저
버드와이저
버드와이저
버드와이저
버드와이저
버드와이저
버드와이저
버드와이저
버드와이저
버드와이저
버드와이저
버드와이저
버드와이저
버드와이저
버드와이저
버드와이저
버드와이저
버드와이저
버드와이저
버드와이저
버드와이저
버드와이저
버드와이저
버드와이저
버드와이저
버드와이저
버드와이저
버드와이저
버드와이저
버드와이저
버드와이저
버드와이저
버드와이저
버드와이저
버드와이저
버드와이저
버드와이저
버드와이저
버드와이저
버드와이저
버드와이저
버드와이저
버드와이저
버드와이저
버드와이저
버드와이저
산미구엘
산미구엘
산미구엘
산미구엘
산미구엘
산미구엘
산미구엘
산미구엘
산미구엘
산미구엘
산미구엘
산미구엘
산미구엘
산미구엘
산미구엘
산미구엘
산미구엘
산미구엘
산미구엘
산미구엘
산미구엘
산미구엘
산미구엘
산미구엘
산미구엘
산미구엘
산미구엘
산미구엘
산미구엘
산미구엘
산미구엘
산미구엘
산미구엘
산미구엘
산미구엘
산미구엘
산미구엘
산미구엘
산미구엘
산미구엘
산미구엘
산미구엘
산미구엘
산미구엘
산미구엘
산미구엘
산미구엘
산미구엘
산미구엘
산미구엘
산미구엘
산미구엘
산미구엘
산미구엘
산미구엘
산미구엘
산미구엘
산미구엘
산미구엘
산미구엘
산미구엘
산미구엘
산미구엘
산미구엘
산미구엘
산미구엘
산미구엘
산미구엘
산미구엘
산미구엘
산미구엘
산미구엘
산미구엘
산미구엘
산미구엘
산미구엘
산미구엘
산미구엘
산미구엘
산미구엘
산미구엘
산미구엘
산미구엘
산미구엘
산미구엘
산미구엘
산미구엘
산미구엘
산미구엘
산미구엘
산미구엘
산미구엘
산미구엘
산미구엘
산미구엘
산미구엘
산미구엘
산미구엘
산미구엘
산미구엘
산미구엘
산미구엘
산미구엘
산미구엘
산미구엘
산미구엘
산미구엘
산미구엘
산미구엘
산미구엘
산미구엘
산미구엘
산미구엘
산미구엘
산미구엘
산미구엘
산미구엘
산미구엘
산미구엘
산미구엘
산미구엘
산미구엘
산미구엘
산미구엘
산미구엘
산미구엘
산미구엘
산미구엘
산미구엘
산미구엘
산미구엘
산미구엘
산미구엘
산미구엘
산미구엘
산미구엘
산미구엘
산미구엘
산미구엘
산미구엘
산미구엘
산미구엘
산미구엘
산미구엘
산미구엘
산미구엘
산미구엘
산미구엘
산미구엘
산미구엘
산미구엘
산미구엘
산미구엘
산미구엘
산미구엘
산미구엘
산미구엘
산미구엘
산미구엘
산미구엘
산미구엘
산미구엘
산미구엘
산미구엘
산미구엘
산미구엘
산미구엘
산미구엘
산미구엘
산미구엘
산미구엘
산미구엘
산미구엘
산미구엘
산미구엘
산미구엘
산미구엘
산미구엘
산미구엘
산미구엘
산미구엘
산미구엘
산미구엘
산미구엘
산미구엘
산미구엘
산미구엘
산미구엘
산미구엘
산미구엘
산미구엘
산미구엘
산미구엘
산미구엘
산미구엘
산미구엘
산미구엘
산미구엘
산미구엘
산미구엘
산미구엘
산미구엘
산미구엘
산미구엘
산미구엘
산미구엘
산미구엘
산미구엘
산미구엘
산미구엘
산미구엘
산미구엘
산미구엘
산미구엘
산미구엘
산미구엘
산미구엘
산미구엘
산미구엘
산미구엘
산미구엘
산미구엘
산미구엘
산미구엘
산미구엘
산미구엘
산미구엘
산미구엘
산미구엘
산미구엘
산미구엘
산미구엘
산미구엘
산미구엘
산미구엘
산미구엘
산미구엘
산미구엘
산미구엘
산미구엘
산미구엘
산미구엘
산미구엘
산미구엘
산미구엘
산미구엘
산미구엘
산미구엘
산미구엘
산미구엘
산미구엘
산미구엘
산미구엘
산미구엘
산미구엘
산미구엘
산미구엘
산미구엘
산미구엘
산미구엘
산미구엘
산미구엘
산미구엘
산미구엘
산미구엘
산미구엘
산미구엘
산미구엘
산미구엘
산미구엘
산미구엘
산미구엘
산미구엘
산미구엘
산미구엘
산미구엘
산미구엘
산미구엘
산미구엘
산미구엘
산미구엘
산미구엘
산미구엘
산미구엘
산미구엘
산미구엘
산미구엘
산미구엘
산미구엘
산미구엘
산미구엘
산미구엘
산미구엘
산미구엘
산미구엘
산미구엘
산미구엘
산미구엘
산미구엘
산미구엘
산미구엘
산미구엘
산미구엘
산미구엘
산미구엘
산미구엘
산미구엘
산미구엘
산미구엘
산미구엘
산미구엘
산미구엘
산미구엘
산미구엘
산미구엘
산미구엘
산미구엘
산미구엘
산미구엘
산미구엘
산미구엘
산미구엘
산미구엘
산미구엘
산미구엘
산미구엘
산미구엘
산미구엘
산미구엘
산미구엘
산미구엘
산미구엘
산미구엘
산미구엘
산미구엘
산미구엘
산미구엘
산미구엘
산미구엘
산미구엘
산미구엘
산미구엘
산미구엘
산미구엘
산미구엘
산미구엘
산미구엘
산미구엘
산미구엘
산미구엘
산미구엘
산미구엘
산미구엘
산미구엘
산미구엘
산미구엘
산미구엘
산미구엘
산미구엘
산미구엘
산미구엘
산미구엘
산미구엘
산미구엘
산미구엘
산미구엘
산미구엘
산미구엘
산미구엘
산미구엘
산미구엘
산미구엘
산미구엘
산미구엘
산미구엘
산미구엘
산미구엘
산미구엘
산미구엘
산미구엘
산미구엘
산미구엘
산미구엘
산미구엘
산미구엘
산미구엘
산미구엘
산미구엘
산미구엘
산미구엘
산미구엘
산미구엘
산미구엘
산미구엘
산미구엘
산미구엘
산미구엘
산미구엘
산미구엘
산미구엘
산미구엘
산미구엘
산미구엘
산미구엘
산미구엘
산미구엘
산미구엘
산미구엘
산미구엘
산미구엘
산미구엘
산미구엘
산미구엘
산미구엘
산미구엘
산미구엘
산미구엘
산미구엘
산미구엘
산미구엘
산미구엘
산미구엘
산미구엘
산미구엘
산미구엘
산미구엘
산미구엘
산미구엘
산미구엘
산미구엘
산미구엘
산미구엘
산미구엘
산미구엘
산미구엘
산미구엘
산미구엘
산미구엘
산미구엘
산미구엘
산미구엘
산미구엘
산미구엘
산미구엘
산미구엘
산미구엘
산미구엘
산미구엘
산미구엘
산미구엘
산미구엘
산미구엘
산미구엘
산미구엘
산미구엘
산미구엘
산미구엘
산미구엘
산미구엘
산미구엘
산미구엘
산미구엘
산미구엘
산미구엘
산미구엘
산미구엘
산미구엘
산미구엘
산미구엘
산미구엘
산미구엘
산미구엘
산미구엘
산미구엘
산미구엘
산미구엘
산미구엘
산미구엘
산미구엘
산미구엘
산미구엘
산미구엘
산미구엘
산미구엘
산미구엘
산미구엘
산미구엘
산미구엘
산미구엘
산미구엘
산미구엘
산미구엘
산미구엘
산미구엘
산미구엘
산미구엘
산미구엘
산미구엘
산미구엘
산미구엘
산미구엘
산미구엘
산미구엘
산미구엘
산미구엘
산미구엘
산미구엘
산미구엘
산미구엘
산미구엘
산미구엘
산미구엘
산미구엘
산미구엘
산미구엘
산미구엘
산미구엘
산미구엘
산미구엘
산미구엘
산미구엘
산미구엘
산미구엘
산미구엘
산미구엘
산미구엘
산미구엘
산미구엘
산미구엘
산미구엘
산미구엘
산미구엘
산미구엘
산미구엘
산미구엘
산미구엘
산미구엘
산미구엘
산미구엘
산미구엘
산미구엘
산미구엘
산미구엘
산미구엘
산미구엘
산미구엘
산미구엘
산미구엘
산미구엘
산미구엘
산미구엘
산미구엘
산미구엘
산미구엘
산미구엘
산미구엘
산미구엘
산미구엘
산미구엘
산미구엘
산미구엘
산미구엘
산미구엘
산미구엘
산미구엘
산미구엘
산미구엘
산미구엘
산미구엘
산미구엘
산미구엘
산미구엘
산미구엘
산미구엘
산미구엘
산미구엘
산미구엘
산미구엘
산미구엘
산미구엘
산미구엘
산미구엘
산미구엘
산미구엘
산미구엘
산미구엘
산미구엘
산미구엘
산미구엘
산미구엘
산미구엘
산미구엘
산미구엘
산미구엘
산미구엘
산미구엘
산미구엘
산미구엘
산미구엘
산미구엘
산미구엘
산미구엘
산미구엘
산미구엘
산미구엘
산미구엘
산미구엘
산미구엘
산미구엘
산미구엘
산미구엘
산미구엘
산미구엘
산미구엘
산미구엘
산미구엘
산미구엘
산미구엘
산미구엘
산미구엘
산미구엘
산미구엘
산미구엘
산미구엘
산미구엘
산미구엘
산미구엘
산미구엘
산미구엘
산미구엘
산미구엘
산미구엘
산미구엘
산미구엘
산미구엘
산미구엘
산미구엘
산미구엘
산미구엘
산미구엘
산미구엘
산미구엘
산미구엘
산미구엘
산미구엘
산미구엘
산미구엘
산미구엘
산미구엘
산미구엘
산미구엘
산미구엘
산미구엘
산미구엘
산미구엘
산미구엘
산미구엘
산미구엘
산미구엘
산미구엘
산미구엘
산미구엘
산미구엘
산미구엘
산미구엘
산미구엘
산미구엘
산미구엘
산미구엘
산미구엘
산미구엘
산미구엘
산미구엘
산미구엘
산미구엘
산미구엘
산미구엘
산미구엘
산미구엘
산미구엘
산미구엘
산미구엘
산미구엘
산미구엘
산미구엘
산미구엘
산미구엘
산미구엘
산미구엘
산미구엘
산미구엘
산미구엘
산미구엘
산미구엘
산미구엘
산미구엘
산미구엘
산미구엘
산미구엘
산미구엘
산미구엘
산미구엘
산미구엘
산미구엘
산미구엘
산미구엘
산미구엘
산미구엘
산미구엘
산미구엘
산미구엘
산미구엘
산미구엘
산미구엘
산미구엘
산미구엘
산미구엘
산미구엘
산미구엘
산미구엘
산미구엘
산미구엘
산미구엘
산미구엘
산미구엘
산미구엘
산미구엘
산미구엘
산미구엘
산미구엘
산미구엘
산미구엘
산미구엘
산미구엘
산미구엘
산미구엘
산미구엘
산미구엘
산미구엘
산미구엘
산미구엘
산미구엘
산미구엘
산미구엘
산미구엘
산미구엘
산미구엘
산미구엘
산미구엘
산미구엘
산미구엘
산미구엘
산미구엘
산미구엘
산미구엘
산미구엘
산미구엘
산미구엘
산미구엘
산미구엘
산미구엘
산미구엘
산미구엘
산미구엘
산미구엘
산미구엘
산미구엘
산미구엘
산미구엘
산미구엘
산미구엘
산미구엘
산미구엘
산미구엘
산미구엘
산미구엘
산미구엘
산미구엘
산미구엘
산미구엘
산미구엘
산미구엘
산미구엘
산미구엘
산미구엘
산미구엘
산미구엘
산미구엘
산미구엘
산미구엘
산미구엘
산미구엘
산미구엘
산미구엘
산미구엘
산미구엘
산미구엘
산미구엘
산미구엘
산미구엘
산미구엘
산미구엘
산미구엘
산미구엘
산미구엘
산미구엘
산미구엘
산미구엘
산미구엘
산미구엘
산미구엘
산미구엘
산미구엘
산미구엘
산미구엘
산미구엘
산미구엘
산미구엘
산미구엘
산미구엘
산미구엘
산미구엘
산미구엘
산미구엘
산미구엘
산미구엘
산미구엘
산미구엘
산미구엘
산미구엘
산미구엘
산미구엘
산미구엘
산미구엘
산미구엘
산미구엘
산미구엘
산미구엘
산미구엘
산미구엘
산미구엘
산미구엘
산미구엘
산미구엘
산미구엘
산미구엘
산미구엘
산미구엘
산미구엘
산미구엘
산미구엘
산미구엘
산미구엘
산미구엘
산미구엘
산미구엘
산미구엘
산미구엘
산미구엘
산미구엘
산미구엘
산미구엘
산미구엘
산미구엘
산미구엘
산미구엘
산미구엘
산미구엘
산미구엘
산미구엘
산미구엘
산미구엘
산미구엘
산미구엘
산미구엘
산미구엘
산미구엘
산미구엘
산미구엘
산미구엘
산미구엘
산미구엘
산미구엘
산미구엘
산미구엘
산미구엘
산미구엘
산미구엘
산미구엘
산미구엘
산미구엘
산미구엘
산미구엘
산미구엘
산미구엘
산미구엘
산미구엘
산미구엘
산미구엘
산미구엘
산미구엘
산미구엘
산미구엘
산미구엘
산미구엘
산미구엘
산미구엘
산미구엘
산미구엘
산미구엘
산미구엘
산미구엘
산미구엘
산미구엘
산미구엘
산미구엘
산미구엘
산미구엘
산미구엘
산미구엘
산미구엘
산미구엘
산미구엘
산미구엘
산미구엘
산미구엘
산미구엘
산미구엘
산미구엘
산미구엘
산미구엘
산미구엘
산미구엘
산미구엘
산미구엘
산미구엘
산미구엘
산미구엘
산미구엘
산미구엘
산미구엘
산미구엘
산미구엘
산미구엘
산미구엘
산미구엘
산미구엘
산미구엘
산미구엘
산미구엘
산미구엘
산미구엘
산미구엘
산미구엘
산미구엘
산미구엘
산미구엘
산미구엘
산미구엘
산미구엘
산미구엘
산미구엘
산미구엘
산미구엘
산미구엘
산미구엘
산미구엘
산미구엘
산미구엘
산미구엘
산미구엘
산미구엘
산미구엘
산미구엘
산미구엘
산미구엘
산미구엘
산미구엘
산미구엘
산미구엘
산미구엘
산미구엘
산미구엘
산미구엘
산미구엘
산미구엘
산미구엘
산미구엘
산미구엘
산미구엘
산미구엘
산미구엘
산미구엘
산미구엘
산미구엘
산미구엘
산미구엘
산미구엘
산미구엘
산미구엘
산미구엘
산미구엘
산미구엘
산미구엘
산미구엘
산미구엘
산미구엘
산미구엘
산미구엘
산미구엘
산미구엘
산미구엘
산미구엘
산미구엘
산미구엘
산미구엘
산미구엘
산미구엘
산미구엘
산미구엘
산미구엘
산미구엘
산미구엘
산미구엘
산미구엘
산미구엘
산미구엘
산미구엘
산미구엘
산미구엘
산미구엘
산미구엘
산미구엘
산미구엘
산미구엘
산미구엘
산미구엘
산미구엘
산미구엘
산미구엘
산미구엘
산미구엘
산미구엘
산미구엘
산미구엘
산미구엘
산미구엘
산미구엘
산미구엘
산미구엘
산미구엘
산미구엘
산미구엘
산미구엘
산미구엘
산미구엘
산미구엘
산미구엘
산미구엘
산미구엘
산미구엘
산미구엘
산미구엘
산미구엘
산미구엘
산미구엘
산미구엘
산미구엘
산미구엘
산미구엘
산미구엘
산미구엘
산미구엘
산미구엘
산미구엘
산미구엘
산미구엘
산미구엘
산미구엘
산미구엘
산미구엘
산미구엘
산미구엘
산미구엘
산미구엘
산미구엘
산미구엘
산미구엘
산미구엘
산미구엘
산미구엘
산미구엘
산미구엘
산미구엘
산미구엘
산미구엘
산미구엘
산미구엘
산미구엘
산미구엘
산미구엘
산미구엘
산미구엘
산미구엘
산미구엘
산미구엘
산미구엘
산미구엘
산미구엘
산미구엘
산미구엘
산미구엘
산미구엘
산미구엘
산미구엘
산미구엘
산미구엘
산미구엘
산미구엘
산미구엘
산미구엘
산미구엘
산미구엘
산미구엘
산미구엘
산미구엘
산미구엘
산미구엘
산미구엘
산미구엘
산미구엘
산미구엘
산미구엘
산미구엘
산미구엘
산미구엘
산미구엘
산미구엘
산미구엘
산미구엘
산미구엘
산미구엘
산미구엘
산미구엘
산미구엘
산미구엘
산미구엘
산미구엘
산미구엘
산미구엘
산미구엘
산미구엘
산미구엘
산미구엘
산미구엘
산미구엘
산미구엘
산미구엘
산미구엘
산미구엘
산미구엘
산미구엘
산미구엘
산미구엘
산미구엘
산미구엘
산미구엘
산미구엘
산미구엘
산미구엘
산미구엘
산미구엘
산미구엘
산미구엘
산미구엘
산미구엘
산미구엘
산미구엘
산미구엘
산미구엘
산미구엘
산미구엘
산미구엘
산미구엘
산미구엘
산미구엘
산미구엘
산미구엘
산미구엘
산미구엘
산미구엘
산미구엘
산미구엘
산미구엘
산미구엘
산미구엘
산미구엘
산미구엘
산미구엘
산미구엘
산미구엘
산미구엘
산미구엘
산미구엘
산미구엘
산미구엘
산미구엘
산미구엘
산미구엘
산미구엘
산미구엘
산미구엘
산미구엘
산미구엘
산미구엘
산미구엘
산미구엘
산미구엘
산미구엘
산미구엘
산미구엘
산미구엘
산미구엘
산미구엘
산미구엘
산미구엘
산미구엘
산미구엘
산미구엘
산미구엘
산미구엘
산미구엘
산미구엘
산미구엘
산미구엘
산미구엘
산미구엘
산미구엘
산미구엘
산미구엘
산미구엘
산미구엘
산미구엘
산미구엘
산미구엘
산미구엘
산미구엘
산미구엘
산미구엘
산미구엘
산미구엘
산미구엘
산미구엘
산미구엘
산미구엘
산미구엘
산미구엘
산미구엘
산미구엘
산미구엘
산미구엘
산미구엘
산미구엘
산미구엘
산미구엘
산미구엘
산미구엘
산미구엘
산미구엘
산미구엘
산미구엘
산미구엘
산미구엘
산미구엘
산미구엘
산미구엘
산미구엘
산미구엘
산미구엘
산미구엘
산미구엘
산미구엘
산미구엘
산미구엘
산미구엘
산미구엘
산미구엘
산미구엘
산미구엘
산미구엘
산미구엘
산미구엘
산미구엘
산미구엘
산미구엘
산미구엘
산미구엘
산미구엘
산미구엘
산미구엘
산미구엘
산미구엘
산미구엘
산미구엘
산미구엘
산미구엘
산미구엘
산미구엘
산미구엘
산미구엘
산미구엘
산미구엘
산미구엘
산미구엘
산미구엘
산미구엘
산미구엘
산미구엘
산미구엘
산미구엘
산미구엘
산미구엘
산미구엘
산미구엘
산미구엘
산미구엘
산미구엘
산미구엘
산미구엘
산미구엘
산미구엘
산미구엘
산미구엘
산미구엘
산미구엘
산미구엘
산미구엘
산미구엘
산미구엘
산미구엘
산미구엘
산미구엘
산미구엘
산미구엘
산미구엘
산미구엘
산미구엘
산미구엘
산미구엘
산미구엘
산미구엘
산미구엘
산미구엘
산미구엘
산미구엘
산미구엘
산미구엘
산미구엘
산미구엘
산미구엘
산미구엘
산미구엘
산미구엘
산미구엘
산미구엘
산미구엘
산미구엘
산미구엘
산미구엘
산미구엘
산미구엘
산미구엘
산미구엘
산미구엘
산미구엘
산미구엘
산미구엘
산미구엘
산미구엘
산미구엘
산미구엘
산미구엘
산미구엘
산미구엘
산미구엘
산미구엘
산미구엘
산미구엘
산미구엘
산미구엘
산미구엘
산미구엘
산미구엘
산미구엘
삿포로
삿포로
삿포로
삿포로
삿포로
삿포로
삿포로
삿포로
삿포로
삿포로
삿포로
삿포로
삿포로
삿포로
삿포로
삿포로
삿포로
삿포로
삿포로
삿포로
삿포로
삿포로
삿포로
삿포로
삿포로
삿포로
삿포로
삿포로
삿포로
삿포로
삿포로
삿포로
삿포로
삿포로
삿포로
삿포로
삿포로
삿포로
삿포로
삿포로
삿포로
삿포로
삿포로
삿포로
삿포로
삿포로
삿포로
삿포로
삿포로
삿포로
삿포로
삿포로
삿포로
삿포로
삿포로
삿포로
삿포로
삿포로
삿포로
삿포로
삿포로
삿포로
삿포로
삿포로
삿포로
삿포로
삿포로
삿포로
삿포로
삿포로
삿포로
삿포로
삿포로
삿포로
삿포로
삿포로
삿포로
삿포로
삿포로
삿포로
삿포로
삿포로
삿포로
삿포로
삿포로
삿포로
삿포로
삿포로
삿포로
삿포로
삿포로
삿포로
삿포로
삿포로
삿포로
삿포로
삿포로
삿포로
삿포로
삿포로
삿포로
삿포로
삿포로
삿포로
삿포로
삿포로
삿포로
삿포로
삿포로
삿포로
삿포로
삿포로
삿포로
삿포로
삿포로
삿포로
삿포로
삿포로
삿포로
삿포로
삿포로
삿포로
삿포로
삿포로
삿포로
삿포로
삿포로
삿포로
삿포로
삿포로
삿포로
삿포로
삿포로
삿포로
삿포로
삿포로
삿포로
삿포로
삿포로
삿포로
삿포로
삿포로
삿포로
삿포로
삿포로
삿포로
삿포로
삿포로
삿포로
삿포로
삿포로
삿포로
삿포로
삿포로
삿포로
삿포로
삿포로
삿포로
삿포로
삿포로
삿포로
삿포로
삿포로
삿포로
삿포로
삿포로
삿포로
삿포로
삿포로
삿포로
삿포로
삿포로
삿포로
삿포로
삿포로
삿포로
삿포로
삿포로
삿포로
삿포로
삿포로
삿포로
삿포로
삿포로
삿포로
삿포로
삿포로
삿포로
삿포로
삿포로
삿포로
삿포로
삿포로
삿포로
삿포로
삿포로
삿포로
삿포로
삿포로
삿포로
삿포로
삿포로
삿포로
삿포로
삿포로
삿포로
삿포로
삿포로
삿포로
삿포로
삿포로
삿포로
삿포로
삿포로
삿포로
삿포로
삿포로
삿포로
삿포로
삿포로
삿포로
삿포로
삿포로
삿포로
삿포로
삿포로
삿포로
삿포로
삿포로
삿포로
삿포로
삿포로
삿포로
삿포로
삿포로
삿포로
삿포로
삿포로
삿포로
삿포로
삿포로
삿포로
삿포로
삿포로
삿포로
삿포로
삿포로
삿포로
삿포로
삿포로
삿포로
삿포로
삿포로
삿포로
삿포로
삿포로
삿포로
삿포로
삿포로
삿포로
삿포로
삿포로
삿포로
삿포로
삿포로
삿포로
삿포로
삿포로
삿포로
삿포로
삿포로
삿포로
삿포로
삿포로
삿포로
삿포로
삿포로
삿포로
삿포로
삿포로
삿포로
삿포로
삿포로
삿포로
삿포로
삿포로
삿포로
삿포로
삿포로
삿포로
삿포로
삿포로
삿포로
삿포로
삿포로
삿포로
삿포로
삿포로
삿포로
삿포로
삿포로
삿포로
삿포로
삿포로
삿포로
삿포로
삿포로
삿포로
삿포로
삿포로
삿포로
삿포로
삿포로
삿포로
삿포로
삿포로
삿포로
삿포로
삿포로
삿포로
삿포로
삿포로
삿포로
삿포로
삿포로
삿포로
삿포로
삿포로
삿포로
삿포로
삿포로
삿포로
삿포로
삿포로
삿포로
삿포로
삿포로
삿포로
삿포로
삿포로
삿포로
삿포로
삿포로
삿포로
삿포로
삿포로
삿포로
삿포로
삿포로
삿포로
삿포로
삿포로
삿포로
삿포로
삿포로
삿포로
삿포로
삿포로
삿포로
삿포로
삿포로
삿포로
삿포로
삿포로
삿포로
삿포로
삿포로
삿포로
삿포로
삿포로
삿포로
삿포로
삿포로
삿포로
삿포로
삿포로
삿포로
삿포로
삿포로
삿포로
삿포로
삿포로
삿포로
삿포로
삿포로
삿포로
삿포로
삿포로
삿포로
삿포로
삿포로
삿포로
삿포로
삿포로
삿포로
삿포로
삿포로
삿포로
삿포로
삿포로
삿포로
삿포로
삿포로
삿포로
삿포로
삿포로
삿포로
삿포로
삿포로
삿포로
삿포로
삿포로
삿포로
삿포로
삿포로
삿포로
삿포로
삿포로
삿포로
삿포로
삿포로
삿포로
삿포로
삿포로
삿포로
삿포로
삿포로
삿포로
삿포로
삿포로
삿포로
삿포로
삿포로
삿포로
삿포로
삿포로
삿포로
삿포로
삿포로
삿포로
삿포로
삿포로
삿포로
삿포로
삿포로
삿포로
삿포로
삿포로
삿포로
삿포로
삿포로
삿포로
삿포로
삿포로
삿포로
삿포로
삿포로
삿포로
삿포로
삿포로
삿포로
삿포로
삿포로
삿포로
삿포로
삿포로
삿포로
삿포로
삿포로
삿포로
삿포로
삿포로
삿포로
삿포로
삿포로
삿포로
삿포로
삿포로
삿포로
삿포로
삿포로
삿포로
삿포로
삿포로
삿포로
삿포로
삿포로
삿포로
삿포로
삿포로
삿포로
삿포로
삿포로
삿포로
삿포로
삿포로
삿포로
삿포로
삿포로
삿포로
삿포로
삿포로
삿포로
삿포로
삿포로
삿포로
삿포로
삿포로
삿포로
삿포로
삿포로
삿포로
삿포로
삿포로
삿포로
삿포로
삿포로
삿포로
삿포로
삿포로
삿포로
삿포로
삿포로
삿포로
삿포로
삿포로
삿포로
삿포로
삿포로
삿포로
삿포로
삿포로
삿포로
삿포로
삿포로
삿포로
삿포로
삿포로
삿포로
삿포로
삿포로
삿포로
삿포로
삿포로
삿포로
삿포로
삿포로
삿포로
삿포로
삿포로
삿포로
삿포로
삿포로
삿포로
삿포로
삿포로
삿포로
삿포로
삿포로
삿포로
삿포로
삿포로
삿포로
삿포로
삿포로
삿포로
삿포로
삿포로
삿포로
삿포로
삿포로
삿포로
삿포로
삿포로
삿포로
삿포로
삿포로
삿포로
삿포로
삿포로
삿포로
삿포로
삿포로
삿포로
삿포로
삿포로
삿포로
삿포로
삿포로
삿포로
삿포로
삿포로
삿포로
삿포로
삿포로
삿포로
삿포로
삿포로
삿포로
삿포로
삿포로
삿포로
삿포로
삿포로
삿포로
삿포로
삿포로
삿포로
삿포로
삿포로
삿포로
삿포로
삿포로
삿포로
삿포로
삿포로
삿포로
삿포로
삿포로
삿포로
삿포로
삿포로
삿포로
삿포로
삿포로
삿포로
삿포로
삿포로
삿포로
삿포로
삿포로
삿포로
삿포로
삿포로
삿포로
삿포로
삿포로
삿포로
삿포로
삿포로
삿포로
삿포로
삿포로
삿포로
삿포로
삿포로
삿포로
삿포로
삿포로
삿포로
삿포로
삿포로
삿포로
삿포로
삿포로
삿포로
삿포로
삿포로
삿포로
삿포로
삿포로
삿포로
삿포로
삿포로
삿포로
삿포로
삿포로
삿포로
삿포로
삿포로
삿포로
삿포로
삿포로
삿포로
삿포로
삿포로
삿포로
아사히
아사히
아사히
아사히
아사히
아사히
아사히
아사히
아사히
아사히
아사히
아사히
아사히
아사히
아사히
아사히
아사히
아사히
아사히
아사히
아사히
아사히
아사히
아사히
아사히
아사히
아사히
아사히
아사히
아사히
아사히
아사히
아사히
아사히
아사히
아사히
아사히
아사히
아사히
아사히
아사히
아사히
아사히
아사히
아사히
아사히
아사히
아사히
아사히
아사히
아사히
아사히
아사히
아사히
아사히
아사히
아사히
아사히
아사히
아사히
아사히
아사히
아사히
아사히
아사히
아사히
아사히
아사히
아사히
아사히
아사히
아사히
아사히
아사히
아사히
아사히
아사히
아사히
아사히
아사히
아사히
아사히
아사히
아사히
아사히
아사히
아사히
아사히
아사히
아사히
아사히
아사히
아사히
아사히
아사히
아사히
아사히
아사히
아사히
아사히
아사히
아사히
아사히
아사히
아사히
아사히
아사히
아사히
아사히
아사히
아사히
아사히
아사히
아사히
아사히
아사히
아사히
아사히
아사히
아사히
아사히
아사히
아사히
아사히
아사히
아사히
아사히
아사히
아사히
아사히
아사히
아사히
아사히
아사히
아사히
아사히
아사히
아사히
아사히
아사히
아사히
아사히
아사히
아사히
아사히
아사히
아사히
아사히
아사히
아사히
아사히
아사히
아사히
아사히
아사히
아사히
아사히
아사히
아사히
아사히
아사히
아사히
아사히
아사히
아사히
아사히
아사히
아사히
아사히
아사히
아사히
아사히
아사히
아사히
아사히
아사히
아사히
아사히
아사히
아사히
아사히
아사히
아사히
아사히
아사히
아사히
아사히
아사히
아사히
아사히
아사히
아사히
아사히
아사히
아사히
아사히
아사히
아사히
아사히
아사히
아사히
아사히
아사히
아사히
아사히
아사히
아사히
아사히
아사히
아사히
아사히
아사히
아사히
아사히
아사히
아사히
아사히
아사히
아사히
아사히
아사히
아사히
아사히
아사히
아사히
아사히
아사히
아사히
아사히
아사히
아사히
아사히
아사히
아사히
아사히
아사히
아사히
아사히
아사히
아사히
아사히
아사히
아사히
아사히
아사히
아사히
아사히
아사히
아사히
아사히
아사히
아사히
아사히
아사히
아사히
아사히
아사히
아사히
아사히
아사히
아사히
아사히
아사히
아사히
아사히
아사히
아사히
아사히
아사히
아사히
아사히
아사히
아사히
아사히
아사히
아사히
아사히
아사히
아사히
아사히
아사히
아사히
아사히
아사히
아사히
아사히
아사히
아사히
아사히
아사히
아사히
아사히
아사히
아사히
아사히
아사히
아사히
아사히
아사히
아사히
아사히
아사히
아사히
아사히
아사히
아사히
아사히
아사히
아사히
아사히
아사히
아사히
아사히
아사히
아사히
아사히
아사히
아사히
아사히
아사히
아사히
아사히
아사히
아사히
아사히
아사히
아사히
아사히
아사히
아사히
아사히
아사히
아사히
아사히
아사히
아사히
아사히
아사히
아사히
아사히
아사히
아사히
아사히
아사히
아사히
아사히
아사히
아사히
아사히
아사히
아사히
아사히
아사히
아사히
아사히
아사히
아사히
아사히
아사히
아사히
아사히
아사히
아사히
아사히
아사히
아사히
아사히
아사히
아사히
아사히
아사히
아사히
아사히
아사히
아사히
아사히
아사히
아사히
아사히
아사히
아사히
아사히
아사히
아사히
아사히
아사히
아사히
아사히
아사히
아사히
아사히
아사히
아사히
아사히
아사히
아사히
아사히
아사히
아사히
아사히
아사히
아사히
아사히
아사히
아사히
아사히
아사히
아사히
아사히
아사히
아사히
아사히
아사히
아사히
아사히
아사히
아사히
아사히
아사히
아사히
아사히
아사히
아사히
아사히
아사히
아사히
아사히
아사히
아사히
아사히
아사히
아사히
아사히
아사히
아사히
아사히
아사히
아사히
아사히
아사히
아사히
아사히
아사히
아사히
아사히
아사히
아사히
아사히
아사히
아사히
아사히
아사히
아사히
아사히
아사히
아사히
아사히
아사히
아사히
아사히
아사히
아사히
아사히
아사히
아사히
아사히
아사히
아사히
아사히
아사히
아사히
아사히
아사히
아사히
아사히
아사히
아사히
아사히
아사히
아사히
아사히
아사히
아사히
아사히
아사히
아사히
아사히
아사히
아사히
아사히
아사히
아사히
아사히
아사히
아사히
아사히
아사히
아사히
아사히
아사히
아사히
아사히
아사히
아사히
아사히
아사히
아사히
아사히
아사히
아사히
아사히
아사히
아사히
아사히
아사히
아사히
아사히
아사히
아사히
아사히
아사히
아사히
아사히
아사히
아사히
아사히
아사히
아사히
아사히
아사히
아사히
아사히
아사히
아사히
아사히
아사히
아사히
아사히
아사히
아사히
아사히
아사히
아사히
아사히
아사히
아사히
아사히
아사히
아사히
아사히
아사히
아사히
아사히
아사히
아사히
아사히
아사히
아사히
아사히
아사히
아사히
아사히
아사히
아사히
아사히
아사히
아사히
아사히
아사히
아사히
아사히
아사히
아사히
아사히
아사히
아사히
아사히
아사히
아사히
아사히
아사히
아사히
아사히
아사히
아사히
아사히
아사히
아사히
아사히
아사히
아사히
아사히
아사히
아사히
아사히
아사히
아사히
아사히
아사히
아사히
아사히
아사히
아사히
아사히
아사히
아사히
아사히
아사히
아사히
아사히
아사히
아사히
아사히
아사히
아사히
아사히
아사히
아사히
아사히
아사히
아사히
아사히
아사히
아사히
아사히
아사히
아사히
아사히
아사히
아사히
아사히
아사히
아사히
아사히
아사히
아사히
아사히
아사히
아사히
아사히
아사히
아사히
아사히
아사히
아사히
아사히
아사히
아사히
아사히
아사히
아사히
아사히
아사히
아사히
아사히
아사히
아사히
아사히
아사히
아사히
아사히
아사히
아사히
아사히
아사히
아사히
아사히
아사히
아사히
아사히
아사히
아사히
아사히
아사히
아사히
아사히
아사히
아사히
아사히
아사히
아사히
아사히
아사히
아사히
아사히
아사히
아사히
아사히
아사히
아사히
아사히
아사히
아사히
아사히
아사히
아사히
아사히
아사히
아사히
아사히
아사히
아사히
아사히
아사히
아사히
아사히
아사히
아사히
아사히
아사히
아사히
아사히
아사히
아사히
아사히
아사히
아사히
아사히
아사히
아사히
아사히
아사히
아사히
아사히
아사히
아사히
아사히
아사히
아사히
아사히
아사히
아사히
아사히
아사히
아사히
아사히
아사히
아사히
아사히
아사히
아사히
아사히
아사히
아사히
아사히
아사히
아사히
아사히
아사히
아사히
아사히
아사히
아사히
아사히
아사히
아사히
아사히
아사히
아사히
아사히
아사히
아사히
아사히
아사히
아사히
아사히
아사히
아사히
아사히
아사히
아사히
아사히
아사히
아사히
아사히
아사히
아사히
아사히
아사히
아사히
아사히
아사히
아사히
아사히
아사히
아사히
아사히
아사히
아사히
아사히
아사히
아사히
아사히
아사히
아사히
아사히
아사히
아사히
아사히
아사히
아사히
아사히
아사히
아사히
아사히
아사히
아사히
아사히
아사히
아사히
아사히
아사히
아사히
아사히
아사히
아사히
아사히
아사히
아사히
아사히
아사히
아사히
아사히
아사히
아사히
아사히
아사히
아사히
아사히
아사히
아사히
아사히
아사히
아사히
아사히
아사히
아사히
아사히
아사히
아사히
아사히
아사히
아사히
아사히
아사히
아사히
아사히
아사히
아사히
아사히
아사히
아사히
아사히
아사히
아사히
아사히
아사히
아사히
아사히
아사히
아사히
아사히
아사히
아사히
아사히
아사히
아사히
아사히
아사히
아사히
아사히
아사히
아사히
아사히
아사히
아사히
아사히
아사히
아사히
아사히
아사히
아사히
아사히
아사히
아사히
아사히
아사히
아사히
아사히
아사히
아사히
아사히
아사히
아사히
아사히
아사히
아사히
아사히
아사히
아사히
아사히
아사히
아사히
아사히
아사히
아사히
아사히
아사히
아사히
아사히
아사히
아사히
아사히
아사히
아사히
아사히
아사히
아사히
아사히
아사히
아사히
아사히
아사히
아사히
아사히
아사히
아사히
아사히
아사히
아사히
아사히
아사히
아사히
아사히
아사히
아사히
아사히
아사히
아사히
아사히
아사히
아사히
아사히
아사히
아사히
아사히
아사히
아사히
아사히
아사히
아사히
아사히
아사히
아사히
아사히
아사히
아사히
아사히
아사히
아사히
아사히
아사히
아사히
아사히
아사히
아사히
아사히
아사히
아사히
아사히
아사히
아사히
아사히
아사히
아사히
아사히
아사히
아사히
아사히
아사히
아사히
아사히
아사히
아사히
아사히
아사히
아사히
아사히
아사히
아사히
아사히
아사히
아사히
아사히
아사히
아사히
아사히
아사히
아사히
아사히
아사히
아사히
아사히
아사히
아사히
아사히
아사히
아사히
아사히
아사히
아사히
아사히
아사히
아사히
아사히
아사히
아사히
아사히
아사히
아사히
아사히
아사히
아사히
아사히
아사히
아사히
아사히
아사히
아사히
아사히
아사히
아사히
아사히
아사히
아사히
아사히
아사히
아사히
아사히
아사히
아사히
아사히
아사히
아사히
아사히
아사히
아사히
아사히
아사히
아사히
아사히
아사히
아사히
아사히
아사히
아사히
아사히
아사히
아사히
아사히
아사히
아사히
아사히
아사히
아사히
아사히
아사히
아사히
아사히
아사히
아사히
아사히
아사히
아사히
아사히
아사히
아사히
아사히
아사히
아사히
아사히
아사히
아사히
아사히
아사히
아사히
아사히
아사히
아사히
아사히
아사히
아사히
아사히
아사히
아사히
아사히
아사히
아사히
아사히
아사히
아사히
아사히
아사히
아사히
아사히
아사히
아사히
아사히
아사히
아사히
아사히
아사히
아사히
아사히
아사히
아사히
아사히
아사히
아사히
아사히
아사히
아사히
아사히
아사히
아사히
아사히
아사히
아사히
아사히
아사히
아사히
아사히
아사히
아사히
아사히
아사히
아사히
아사히
아사히
아사히
아사히
아사히
아사히
아사히
아사히
아사히
아사히
아사히
아사히
아사히
아사히
아사히
아사히
아사히
아사히
아사히
아사히
아사히
아사히
아사히
아사히
아사히
아사히
아사히
아사히
아사히
아사히
아사히
아사히
아사히
아사히
아사히
아사히
아사히
아사히
아사히
아사히
아사히
아사히
아사히
아사히
아사히
아사히
아사히
아사히
아사히
아사히
아사히
아사히
아사히
아사히
아사히
아사히
아사히
아사히
아사히
아사히
아사히
아사히
아사히
아사히
아사히
아사히
아사히
아사히
아사히
아사히
아사히
아사히
아사히
아사히
아사히
아사히
아사히
아사히
아사히
아사히
아사히
아사히
아사히
아사히
아사히
아사히
아사히
아사히
아사히
아사히
아사히
아사히
아사히
아사히
아사히
아사히
아사히
아사히
아사히
아사히
아사히
아사히
아사히
아사히
아사히
아사히
아사히
아사히
아사히
아사히
아사히
아사히
아사히
아사히
아사히
아사히
아사히
아사히
아사히
아사히
아사히
아사히
아사히
아사히
아사히
아사히
아사히
아사히
아사히
아사히
아사히
아사히
아사히
아사히
아사히
아사히
아사히
아사히
아사히
아사히
아사히
아사히
아사히
아사히
아사히
아사히
아사히
아사히
아사히
아사히
아사히
아사히
아사히
아사히
아사히
아사히
아사히
아사히
아사히
아사히
아사히
아사히
아사히
아사히
아사히
아사히
아사히
아사히
아사히
아사히
아사히
아사히
아사히
아사히
아사히
아사히
아사히
아사히
아사히
아사히
아사히
아사히
아사히
아사히
아사히
아사히
아사히
아사히
아사히
아사히
아사히
아사히
아사히
아사히
아사히
아사히
아사히
아사히
아사히
아사히
아사히
아사히
아사히
아사히
아사히
아사히
아사히
아사히
아사히
아사히
아사히
아사히
아사히
아사히
아사히
아사히
아사히
아사히
아사히
아사히
아사히
아사히
아사히
아사히
아사히
아사히
아사히
아사히
아사히
아사히
아사히
아사히
아사히
아사히
아사히
아사히
아사히
아사히
아사히
아사히
아사히
아사히
아사히
아사히
아사히
아사히
아사히
아사히
아사히
아사히
아사히
아사히
아사히
아사히
아사히
아사히
아사히
아사히
아사히
아사히
아사히
아사히
아사히
아사히
아사히
아사히
아사히
아사히
아사히
아사히
아사히
아사히
아사히
아사히
아사히
아사히
아사히
아사히
아사히
아사히
아사히
아사히
아사히
아사히
아사히
아사히
아사히
아사히
아사히
아사히
아사히
아사히
아사히
아사히
아사히
아사히
아사히
아사히
아사히
아사히
아사히
아사히
아사히
아사히
아사히
아사히
아사히
아사히
아사히
아사히
아사히
아사히
아사히
아사히
아사히
아사히
아사히
아사히
아사히
아사히
아사히
아사히
아사히
아사히
아사히
아사히
아사히
아사히
아사히
아사히
아사히
아사히
아사히
아사히
아사히
아사히
아사히
아사히
아사히
아사히
아사히
아사히
아사히
아사히
아사히
아사히
아사히
아사히
아사히
아사히
아사히
아사히
아사히
아사히
아사히
아사히
아사히
아사히
아사히
아사히
아사히
아사히
아사히
아사히
아사히
아사히
아사히
아사히
아사히
아사히
아사히
아사히
아사히
아사히
아사히
아사히
아사히
아사히
칭따오
칭따오
칭따오
칭따오
칭따오
칭따오
칭따오
칭따오
칭따오
칭따오
칭따오
칭따오
칭따오
칭따오
칭따오
칭따오
칭따오
칭따오
칭따오
칭따오
칭따오
칭따오
칭따오
칭따오
칭따오
칭따오
칭따오
칭따오
칭따오
칭따오
칭따오
칭따오
칭따오
칭따오
칭따오
칭따오
칭따오
칭따오
칭따오
칭따오
칭따오
칭따오
칭따오
칭따오
칭따오
칭따오
칭따오
칭따오
칭따오
칭따오
칭따오
칭따오
칭따오
칭따오
칭따오
칭따오
칭따오
칭따오
칭따오
칭따오
칭따오
칭따오
칭따오
칭따오
칭따오
칭따오
칭따오
칭따오
칭따오
칭따오
칭따오
칭따오
칭따오
칭따오
칭따오
칭따오
칭따오
칭따오
칭따오
칭따오
칭따오
칭따오
칭따오
칭따오
칭따오
칭따오
칭따오
칭따오
칭따오
칭따오
칭따오
칭따오
칭따오
칭따오
칭따오
칭따오
칭따오
칭따오
칭따오
칭따오
칭따오
칭따오
칭따오
칭따오
칭따오
칭따오
칭따오
칭따오
칭따오
칭따오
칭따오
칭따오
칭따오
칭따오
칭따오
칭따오
칭따오
칭따오
칭따오
칭따오
칭따오
칭따오
칭따오
칭따오
칭따오
칭따오
칭따오
칭따오
칭따오
칭따오
칭따오
칭따오
칭따오
칭따오
칭따오
칭따오
칭따오
칭따오
칭따오
칭따오
칭따오
칭따오
칭따오
칭따오
칭따오
칭따오
칭따오
칭따오
칭따오
칭따오
칭따오
칭따오
칭따오
칭따오
칭따오
칭따오
칭따오
칭따오
칭따오
칭따오
칭따오
칭따오
칭따오
칭따오
칭따오
칭따오
칭따오
칭따오
칭따오
칭따오
칭따오
칭따오
칭따오
칭따오
칭따오
칭따오
칭따오
칭따오
칭따오
칭따오
칭따오
칭따오
칭따오
칭따오
칭따오
칭따오
칭따오
칭따오
칭따오
칭따오
칭따오
칭따오
칭따오
칭따오
칭따오
칭따오
칭따오
칭따오
칭따오
칭따오
칭따오
칭따오
칭따오
칭따오
칭따오
칭따오
칭따오
칭따오
칭따오
칭따오
칭따오
칭따오
칭따오
칭따오
칭따오
칭따오
칭따오
칭따오
칭따오
칭따오
칭따오
칭따오
칭따오
칭따오
칭따오
칭따오
칭따오
칭따오
칭따오
칭따오
칭따오
칭따오
칭따오
칭따오
칭따오
칭따오
칭따오
칭따오
칭따오
칭따오
칭따오
칭따오
칭따오
칭따오
칭따오
칭따오
칭따오
칭따오
칭따오
칭따오
칭따오
칭따오
칭따오
칭따오
칭따오
칭따오
칭따오
칭따오
칭따오
칭따오
칭따오
칭따오
칭따오
칭따오
칭따오
칭따오
칭따오
칭따오
칭따오
칭따오
칭따오
칭따오
칭따오
칭따오
칭따오
칭따오
칭따오
칭따오
칭따오
칭따오
칭따오
칭따오
칭따오
칭따오
칭따오
칭따오
칭따오
칭따오
칭따오
칭따오
칭따오
칭따오
칭따오
칭따오
칭따오
칭따오
칭따오
칭따오
칭따오
칭따오
칭따오
칭따오
칭따오
칭따오
칭따오
칭따오
칭따오
칭따오
칭따오
칭따오
칭따오
칭따오
칭따오
칭따오
칭따오
칭따오
칭따오
칭따오
칭따오
칭따오
칭따오
칭따오
칭따오
칭따오
칭따오
칭따오
칭따오
칭따오
칭따오
칭따오
칭따오
칭따오
칭따오
칭따오
칭따오
칭따오
칭따오
칭따오
칭따오
칭따오
칭따오
칭따오
칭따오
칭따오
칭따오
칭따오
칭따오
칭따오
칭따오
칭따오
칭따오
칭따오
칭따오
칭따오
칭따오
칭따오
칭따오
칭따오
칭따오
칭따오
칭따오
칭따오
칭따오
칭따오
칭따오
칭따오
칭따오
칭따오
칭따오
칭따오
칭따오
칭따오
칭따오
칭따오
칭따오
칭따오
칭따오
칭따오
칭따오
칭따오
칭따오
칭따오
칭따오
칭따오
칭따오
칭따오
칭따오
칭따오
칭따오
칭따오
칭따오
칭따오
칭따오
칭따오
칭따오
칭따오
칭따오
칭따오
칭따오
칭따오
칭따오
칭따오
칭따오
칭따오
칭따오
칭따오
칭따오
칭따오
칭따오
칭따오
칭따오
칭따오
칭따오
칭따오
칭따오
칭따오
칭따오
칭따오
칭따오
칭따오
칭따오
칭따오
칭따오
칭따오
칭따오
칭따오
칭따오
칭따오
칭따오
칭따오
칭따오
칭따오
칭따오
칭따오
칭따오
칭따오
칭따오
칭따오
칭따오
칭따오
칭따오
칭따오
칭따오
칭따오
칭따오
칭따오
칭따오
칭따오
칭따오
칭따오
칭따오
칭따오
칭따오
칭따오
칭따오
칭따오
칭따오
칭따오
칭따오
칭따오
칭따오
칭따오
칭따오
칭따오
칭따오
칭따오
칭따오
칭따오
칭따오
칭따오
칭따오
칭따오
칭따오
칭따오
칭따오
칭따오
칭따오
칭따오
칭따오
칭따오
칭따오
칭따오
칭따오
칭따오
칭따오
칭따오
칭따오
칭따오
칭따오
칭따오
칭따오
칭따오
칭따오
칭따오
칭따오
칭따오
칭따오
칭따오
칭따오
칭따오
칭따오
칭따오
칭따오
칭따오
칭따오
칭따오
칭따오
칭따오
칭따오
칭따오
칭따오
칭따오
칭따오
칭따오
칭따오
칭따오
칭따오
칭따오
칭따오
칭따오
칭따오
칭따오
칭따오
칭따오
칭따오
칭따오
칭따오
칭따오
칭따오
칭따오
칭따오
칭따오
칭따오
칭따오
칭따오
칭따오
칭따오
칭따오
칭따오
칭따오
칭따오
칭따오
칭따오
칭따오
칭따오
칭따오
칭따오
칭따오
칭따오
칭따오
칭따오
칭따오
칭따오
칭따오
칭따오
칭따오
칭따오
칭따오
칭따오
칭따오
칭따오
칭따오
칭따오
칭따오
칭따오
칭따오
칭따오
칭따오
칭따오
칭따오
칭따오
칭따오
칭따오
칭따오
칭따오
칭따오
칭따오
칭따오
칭따오
칭따오
칭따오
칭따오
칭따오
칭따오
칭따오
칭따오
칭따오
칭따오
칭따오
칭따오
칭따오
칭따오
칭따오
칭따오
칭따오
칭따오
칭따오
칭따오
칭따오
칭따오
칭따오
칭따오
칭따오
칭따오
칭따오
칭따오
칭따오
칭따오
칭따오
칭따오
칭따오
칭따오
칭따오
칭따오
칭따오
칭따오
칭따오
칭따오
칭따오
칭따오
칭따오
칭따오
칭따오
칭따오
칭따오
칭따오
칭따오
칭따오
칭따오
칭따오
칭따오
칭따오
칭따오
칭따오
칭따오
칭따오
칭따오
칭따오
칭따오
칭따오
칭따오
칭따오
칭따오
칭따오
칭따오
칭따오
칭따오
칭따오
칭따오
칭따오
칭따오
칭따오
칭따오
칭따오
칭따오
칭따오
칭따오
칭따오
칭따오
칭따오
칭따오
칭따오
칭따오
칭따오
칭따오
칭따오
칭따오
칭따오
칭따오
칭따오
칭따오
칭따오
칭따오
칭따오
칭따오
칭따오
칭따오
칭따오
칭따오
칭따오
칭따오
칭따오
칭따오
칭따오
칭따오
칭따오
칭따오
칭따오
칭따오
칭따오
칭따오
칭따오
칭따오
칭따오
칭따오
칭따오
칭따오
칭따오
칭따오
칭따오
칭따오
칭따오
칭따오
칭따오
칭따오
칭따오
칭따오
칭따오
칭따오
칭따오
칭따오
칭따오
칭따오
칭따오
칭따오
칭따오
칭따오
칭따오
칭따오
칭따오
칭따오
칭따오
칭따오
칭따오
칭따오
칭따오
칭따오
칭따오
칭따오
칭따오
칭따오
칭따오
칭따오
칭따오
칭따오
칭따오
칭따오
칭따오
칭따오
칭따오
칭따오
칭따오
칭따오
칭따오
칭따오
칭따오
칭따오
칭따오
칭따오
칭따오
칭따오
칭따오
칭따오
칭따오
칭따오
칭따오
칭따오
칭따오
칭따오
칭따오
칭따오
칭따오
칭따오
칭따오
칭따오
칭따오
칭따오
칭따오
칭따오
칭따오
칭따오
칭따오
칭따오
칭따오
칭따오
칭따오
칭따오
칭따오
칭따오
칭따오
칭따오
칭따오
칭따오
칭따오
칭따오
칭따오
칭따오
칭따오
칭따오
칭따오
칭따오
칭따오
칭따오
칭따오
칭따오
칭따오
칭따오
칭따오
칭따오
칭따오
칭따오
칭따오
칭따오
칭따오
칭따오
칭따오
칭따오
칭따오
칭따오
칭따오
칭따오
칭따오
칭따오
칭따오
칭따오
칭따오
칭따오
칭따오
칭따오
칭따오
칭따오
칭따오
칭따오
칭따오
칭따오
칭따오
칭따오
칭따오
칭따오
칭따오
칭따오
칭따오
칭따오
칭따오
칭따오
칭따오
칭따오
칭따오
칭따오
칭따오
칭따오
칭따오
칭따오
칭따오
칭따오
칭따오
칭따오
칭따오
칭따오
칭따오
칭따오
칭따오
칭따오
칭따오
칭따오
칭따오
칭따오
칭따오
칭따오
칭따오
칭따오
칭따오
칭따오
칭따오
칭따오
칭따오
칭따오
칭따오
칭따오
칭따오
칭따오
칭따오
칭따오
칭따오
칭따오
칭따오
칭따오
칭따오
칭따오
칭따오
칭따오
칭따오
칭따오
칭따오
칭따오
칭따오
칭따오
칭따오
칭따오
칭따오
칭따오
칭따오
칭따오
칭따오
칭따오
칭따오
칭따오
칭따오
칭따오
칭따오
칭따오
칭따오
칭따오
칭따오
칭따오
칭따오
칭따오
칭따오
칭따오
칭따오
칭따오
칭따오
칭따오
칭따오
칭따오
칭따오
칭따오
칭따오
칭따오
칭따오
칭따오
칭따오
칭따오
칭따오
칭따오
칭따오
칭따오
칭따오
칭따오
칭따오
칭따오
칭따오
칭따오
칭따오
칭따오
칭따오
칭따오
칭따오
칭따오
칭따오
칭따오
칭따오
칭따오
칭따오
칭따오
칭따오
칭따오
칭따오
칭따오
칭따오
칭따오
칭따오
칭따오
칭따오
칭따오
칭따오
칭따오
칭따오
칭따오
칭따오
칭따오
칭따오
칭따오
칭따오
칭따오
칭따오
칭따오
칭따오
칭따오
칭따오
칭따오
칭따오
칭따오
칭따오
칭따오
칭따오
칭따오
칭따오
칭따오
칭따오
칭따오
칭따오
칭따오
칭따오
칭따오
칭따오
칭따오
칭따오
칭따오
칭따오
칭따오
칭따오
칭따오
칭따오
칭따오
칭따오
칭따오
칭따오
칭따오
칭따오
칭따오
칭따오
칭따오
칭따오
칭따오
칭따오
칭따오
칭따오
칭따오
칭따오
칭따오
칭따오
칭따오
칭따오
칭따오
칭따오
칭따오
칭따오
칭따오
칭따오
칭따오
칭따오
칭따오
칭따오
칭따오
칭따오
칭따오
칭따오
칭따오
칭따오
칭따오
칭따오
칭따오
칭따오
칭따오
칭따오
칭따오
칭따오
칭따오
칭따오
칭따오
칭따오
칭따오
칭따오
칭따오
칭따오
칭따오
칭따오
칭따오
칭따오
칭따오
칭따오
칭따오
칭따오
칭따오
칭따오
칭따오
칭따오
칭따오
칭따오
칭따오
칭따오
칭따오
칭따오
칭따오
칭따오
칭따오
칭따오
칭따오
칭따오
칭따오
칭따오
칭따오
칭따오
칭따오
칭따오
칭따오
칭따오
칭따오
칭따오
칭따오
칭따오
칭따오
칭따오
칭따오
칭따오
칭따오
칭따오
칭따오
칭따오
칭따오
칭따오
칭따오
칭따오
칭따오
칭따오
칭따오
칭따오
칭따오
칭따오
칭따오
칭따오
칭따오
칭따오
칭따오
칭따오
칭따오
칭따오
칭따오
칭따오
칭따오
칭따오
칭따오
칭따오
칭따오
칭따오
칭따오
칭따오
칭따오
칭따오
칭따오
칭따오
칭따오
칭따오
칭따오
칭따오
칭따오
칭따오
칭따오
칭따오
칭따오
칭따오
칭따오
칭따오
칭따오
칭따오
칭따오
칭따오
칭따오
칭따오
칭따오
칭따오
칭따오
칭따오
칭따오
칭따오
칭따오
칭따오
칭따오
칭따오
칭따오
칭따오
칭따오
칭따오
칭따오
칭따오
칭따오
칭따오
칭따오
칭따오
칭따오
칭따오
칭따오
칭따오
칭따오
칭따오
칭따오
칭따오
칭따오
칭따오
칭따오
칭따오
칭따오
칭따오
칭따오
칭따오
칭따오
칭따오
칭따오
칭따오
칭따오
칭따오
칭따오
칭따오
칭따오
칭따오
칭따오
칭따오
칭따오
칭따오
칭따오
칭따오
칭따오
칭따오
칭따오
칭따오
칭따오
칭따오
칭따오
칭따오
칭따오
칭따오
칭따오
칭따오
칭따오
칭따오
칭따오
칭따오
칭따오
칭따오
칭따오
칭따오
칭따오
칭따오
칭따오
칭따오
칭따오
칭따오
칭따오
칭따오
칭따오
칭따오
칭따오
칭따오
칭따오
칭따오
칭따오
칭따오
칭따오
칭따오
칭따오
칭따오
칭따오
칭따오
칭따오
칭따오
칭따오
칭따오
칭따오
칭따오
칭따오
칭따오
칭따오
칭따오
칭따오
칭따오
칭따오
칭따오
칭따오
칭따오
칭따오
칭따오
칭따오
칭따오
칭따오
칭따오
칭따오
칭따오
칭따오
칭따오
칭따오
칭따오
칭따오
칭따오
칭따오
칭따오
칭따오
칭따오
칭따오
칭따오
칭따오
칭따오
칭따오
칭따오
칭따오
칭따오
칭따오
칭따오
칭따오
칭따오
칭따오
칭따오
칭따오
칭따오
칭따오
칭따오
칭따오
칭따오
칭따오
칭따오
칭따오
칭따오
칭따오
칭따오
칭따오
칭따오
칭따오
칭따오
칭따오
칭따오
칭따오
칭따오
칭따오
칭따오
칭따오
칭따오
칭따오
칭따오
칭따오
칭따오
칭따오
칭따오
칭따오
칭따오
칭따오
칭따오
칭따오
칭따오
칭따오
칭따오
칭따오
칭따오
칭따오
칭따오
칭따오
칭따오
칭따오
칭따오
칭따오
칭따오
칭따오
칭따오
칭따오
칭따오
칭따오
칭따오
칭따오
칭따오
칭따오
칭따오
칭따오
칭따오
칭따오
칭따오
칭따오
칭따오
칭따오
칭따오
칭따오
칭따오
칭따오
칭따오
칭따오
칭따오
칭따오
칭따오
칭따오
칭따오
칭따오
칭따오
칭따오
칭따오
칭따오
칭따오
칭따오
칭따오
칭따오
칭따오
칭따오
칭따오
칭따오
칭따오
칭따오
칭따오
칭따오
칭따오
칭따오
칭따오
칭따오
칭따오
칭따오
칭따오
칭따오
칭따오
칭따오
칭따오
칭따오
칭따오
칭따오
칭따오
칭따오
칭따오
칭따오
칭따오
칭따오
칭따오
칭따오
칭따오
칭따오
칭따오
칭따오
칭따오
칭따오
칭따오
칭따오
칭따오
칭따오
칭따오
칭따오
칭따오
칭따오
칭따오
칭따오
칭따오
칭따오
칭따오
칭따오
칭따오
칭따오
칭따오
칭따오
칭따오
칭따오
칭따오
칭따오
칭따오
칭따오
칭따오
칭따오
칭따오
칭따오
칭따오
칭따오
칭따오
칭따오
칭따오
칭따오
칭따오
칭따오
칭따오
칭따오
칭따오
칭따오
칭따오
칭따오
칭따오
칭따오
칭따오
칭따오
칭따오
칭따오
칭따오
칭따오
칭따오
칭따오
칭따오
칭따오
칭따오
칭따오
칭따오
칭따오
칭따오
칭따오
칭따오
칭따오
칭따오
칭따오
칭따오
칭따오
칭따오
칭따오
칭따오
칭따오
칭따오
칭따오
칭따오
칭따오
칭따오
칭따오
칭따오
칭따오
칭따오
칭따오
칭따오
칭따오
칭따오
칭따오
칭따오
칭따오
칭따오
칭따오
칭따오
칭따오
칭따오
칭따오
칭따오
칭따오
칭따오
칭따오
칭따오
칭따오
칭따오
칭따오
칭따오
칭따오
칭따오
칭따오
칭따오
칭따오
칭따오
칭따오
칭따오
칭따오
칭따오
칭따오
칭따오
칭따오
칭따오
칭따오
칭따오
칭따오
칭따오
칭따오
칭따오
칭따오
칭따오
칭따오
칭따오
칭따오
칭따오
칭따오
칭따오
칭따오
칭따오
칭따오
칭따오
칭따오
칭따오
칭따오
칭따오
칭따오
칭따오
칭따오
칭따오
칭따오
칭따오
칭따오
칭따오
칭따오
칭따오
칭따오
칭따오
칭따오
칭따오
칭따오
칭따오
칭따오
칭따오
칭따오
칭따오
칭따오
칭따오
칭따오
칭따오
칭따오
칭따오
칭따오
칭따오
칭따오
칭따오
칭따오
칭따오
칭따오
칭따오
칭따오
칭따오
칭따오
칭따오
칭따오
칭따오
칭따오
칭따오
칭따오
칭따오
칭따오
칭따오
칭따오
칭따오
칭따오
칭따오
칭따오
칭따오
칭따오
칭따오
칭따오
칭따오
칭따오
칭따오
칭따오
칭따오
칭따오
칭따오
칭따오
칭따오
칭따오
칭따오
칭따오
칭따오
칭따오
칭따오
칭따오
칭따오
칭따오
칭따오
칭따오
칭따오
칭따오
칭따오
칭따오
칭따오
칭따오
칭따오
칭따오
칭따오
칭따오
칭따오
칭따오
칭따오
칭따오
칭따오
칭따오
칭따오
칭따오
칭따오
칭따오
칭따오
칭따오
칭따오
칭따오
칭따오
칭따오
칭따오
칭따오
칭따오
칭따오
칭따오
칭따오
칭따오
칭따오
칭따오
칭따오
칭따오
칭따오
칭따오
칭따오
칭따오
칭따오
칭따오
칭따오
칭따오
칭따오
칭따오
칭따오
칭따오
칭따오
칭따오
칭따오
칭따오
칭따오
칭따오
칭따오
칭따오
칭따오
칭따오
칭따오
칭따오
칭따오
칭따오
칭따오
칭따오
칭따오
칭따오
칭따오
칭따오
칭따오
칭따오
칭따오
칭따오
칭따오
칭따오
칭따오
칭따오
칭따오
칭따오
칭따오
칭따오
칭따오
칭따오
칭따오
칭따오
칭따오
칭따오
칭따오
칭따오
칭따오
칭따오
칭따오
칭따오
칭따오
칭따오
칭따오
칭따오
칭따오
칭따오
칭따오
칭따오
칭따오
칭따오
칭따오
칭따오
칭따오
칭따오
칭따오
칭따오
칭따오
칭따오
칭따오
칭따오
칭따오
칭따오
칭따오
칭따오
칭따오
칭따오
칭따오
칭따오
칭따오
칭따오
칭따오
칭따오
칭따오
칭따오
칭따오
칭따오
칭따오
칭따오
칭따오
칭따오
칭따오
칭따오
칭따오
칭따오
칭따오
칭따오
칭따오
칭따오
칭따오
칭따오
칭따오
칭따오
칭따오
칭따오
칭따오
칭따오
칭따오
칭따오
칭따오
칭따오
칭따오
칭따오
칭따오
칭따오
칭따오
칭따오
칭따오
칭따오
칭따오
칭따오
칭따오
칭따오
칭따오
칭따오
칭따오
칭따오
칭따오
칭따오
칭따오
칭따오
칭따오
칭따오
칭따오
칭따오
칭따오
칭따오
칭따오
칭따오
칭따오
칭따오
칭따오
칭따오
칭따오
칭따오
칭따오
칭따오
칭따오
칭따오
칭따오
칭따오
칭따오
칭따오
칭따오
칭따오
칭따오
칭따오
칭따오
칭따오
칭따오
칭따오
칭따오
칭따오
칭따오
칭따오
칭따오
칭따오
칭따오
칭따오
칭따오
칭따오
칭따오
칭따오
칭따오
칭따오
칭따오
칭따오
칭따오
칭따오
칭따오
칭따오
칭따오
칭따오
칭따오
칭따오
칭따오
칭따오
칭따오
칭따오
칭따오
칭따오
칭따오
칭따오
칭따오
칭따오
칭따오
칭따오
칭따오
칭따오
칭따오
칭따오
칭따오
칭따오
칭따오
칭따오
칭따오
칭따오
칭따오
칭따오
칭따오
칭따오
칭따오
칭따오
칭따오
칭따오
칭따오
칭따오
칭따오
칭따오
칭따오
칭따오
칭따오
칭따오
칭따오
칭따오
칭따오
칭따오
칭따오
칭따오
칭따오
칭따오
칭따오
칭따오
칭따오
칭따오
칭따오
칭따오
칭따오
칭따오
칭따오
칭따오
칭따오
칭따오
칭따오
칭따오
칭따오
칭따오
칭따오
칭따오
칭따오
칭따오
칭따오
칭따오
칭따오
칭따오
칭따오
칭따오
칭따오
칭따오
칭따오
칭따오
칭따오
칭따오
칭따오
칭따오
칭따오
칭따오
칭따오
칭따오
칭따오
칭따오
칭따오
칭따오
칭따오
칭따오
칭따오
칭따오
카스
카스
카스
카스
카스
카스
카스
카스
카스
카스
카스
카스
카스
카스
카스
카스
카스
카스
카스
카스
카스
카스
카스
카스
카스
카스
카스
카스
카스
카스
카스
카스
카스
카스
카스
카스
카스
카스
카스
카스
카스
카스
카스
카스
카스
카스
카스
카스
카스
카스
카스
카스
카스
카스
카스
카스
카스
카스
카스
카스
카스
카스
카스
카스
카스
카스
카스
카스
카스
카스
카스
카스
카스
카스
카스
카스
카스
카스
카스
카스
카스
카스
카스
카스
카스
카스
카스
카스
카스
카스
카스
카스
카스
카스
카스
카스
카스
카스
카스
카스
카스
카스
카스
카스
카스
카스
카스
카스
카스
카스
카스
카스
카스
카스
카스
카스
카스
카스
카스
카스
카스
카스
카스
카스
카스
카스
카스
카스
카스
카스
카스
카스
카스
카스
카스
카스
카스
카스
카스
카스
카스
카스
카스
카스
카스
카스
카스
카스
카스
카스
카스
카스
카스
카스
카스
카스
카스
카스
카스
카스
카스
카스
카스
카스
카스
카스
카스
카스
카스
카스
카스
카스
카스
카스
카스
카스
카스
카스
카스
카스
카스
카스
카스
카스
카스
카스
카스
카스
카스
카스
카스
카스
카스
카스
카스
카스
카스
카스
카스
카스
카스
카스
카스
카스
카스
카스
카스
카스
카스
카스
카스
카스
카스
카스
카스
카스
카스
카스
카스
카스
카스
카스
카스
카스
카스
카스
카스
카스
카스
카스
카스
카스
카스
카스
카스
카스
카스
카스
카스
카스
카스
카스
카스
카스
카스
카스
카스
카스
카스
카스
카스
카스
카스
카스
카스
카스
카스
카스
카스
카스
카스
카스
카스
카스
카스
카스
카스
카스
카스
카스
카스
카스
카스
카스
카스
카스
카스
카스
카스
카스
카스
카스
카스
카스
카스
카스
카스
카스
카스
카스
카스
카스
카스
카스
카스
카스
카스
카스
카스
카스
카스
카스
카스
카스
카스
카스
카스
카스
카스
카스
카스
카스
카스
카스
카스
카스
카스
카스
카스
카스
카스
카스
카스
카스
카스
카스
카스
카스
카스
카스
카스
카스
카스
카스
카스
카스
카스
카스
카스
카스
카스
카스
카스
카스
카스
카스
카스
카스
카스
카스
카스
카스
카스
카스
카스
카스
카스
카스
카스
카스
카스
카스
카스
카스
카스
카스
카스
카스
카스
카스
카스
카스
카스
카스
카스
카스
카스
카스
카스
카스
카스
카스
카스
카스
카스
카스
카스
카스
카스
카스
카스
카스
카스
카스
카스
카스
카스
카스
카스
카스
카스
카스
카스
카스
카스
카스
카스
카스
카스
카스
카스
카스
카스
카스
카스
카스
카스
카스
카스
카스
카스
카스
카스
카스
카스
카스
카스
카스
카스
카스
카스
카스
카스
카스
카스
카스
카스
카스
카스
카스
카스
카스
카스
카스
카스
카스
카스
카스
카스
카스
카스
카스
카스
카스
카스
카스
카스
카스
카스
카스
카스
카스
카스
카스
카스
카스
카스
카스
카스
카스
카스
카스
카스
카스
카스
카스
카스
카스
카스
카스
카스
카스
카스
카스
카스
카스
카스
카스
카스
카스
카스
카스
카스
카스
카스
카스
카스
카스
카스
카스
카스
카스
카스
카스
카스
카스
카스
카스
카스
카스
카스
카스
카스
카스
카스
카스
카스
카스
카스
카스
카스
카스
카스
카스
카스
카스
카스
카스
카스
카스
카스
카스
카스
카스
카스
카스
카스
카스
카스
카스
카스
카스
카스
카스
카스
카스
카스
카스
카스
카스
카스
카스
카스
카스
카스
카스
카스
카스
카스
카스
카스
카스
카스
카스
카스
카스
카스
카스
카스
카스
카스
카스
카스
카스
카스
카스
카스
카스
카스
카스
카스
카스
카스
카스
카스
카스
카스
카스
카스
카스
카스
카스
카스
카스
카스
카스
카스
카스
카스
카스
카스
카스
카스
카스
카스
카스
카스
카스
카스
카스
카스
카스
카스
카스
카스
카스
카스
카스
카스
카스
카스
카스
카스
카스
카스
카스
카스
카스
카스
카스
카스
카스
카스
카스
카스
카스
카스
카스
카스
카스
카스
카스
카스
카스
카스
카스
카스
카스
카스
카스
카스
카스
카스
카스
카스
카스
카스
카스
카스
카스
카스
카스
카스
카스
카스
카스
카스
카스
카스
카스
카스
카스
카스
카스
카스
카스
카스
카스
카스
카스
카스
카스
카스
카스
카스
카스
카스
카스
카스
카스
카스
카스
카스
카스
카스
카스
카스
카스
카스
카스
카스
카스
카스
카스
카스
카스
카스
카스
카스
카스
카스
카스
카스
카스
카스
카스
카스
카스
카스
카스
카스
카스
카스
카스
카스
카스
카스
카스
카스
카스
카스
카스
카스
카스
카스
카스
카스
카스
카스
카스
카스
카스
카스
카스
카스
카스
카스
카스
카스
카스
카스
카스
카스
카스
카스
카스
카스
카스
카스
카스
카스
카스
카스
카스
카스
카스
카스
카스
카스
카스
카스
카스
카스
카스
카스
카스
카스
카스
카스
카스
카스
카스
카스
카스
카스
카스
카스
카스
카스
카스
카스
카스
카스
카스
카스
카스
카스
카스
카스
카스
카스
카스
카스
카스
카스
카스
카스
카스
카스
카스
카스
카스
카스
카스
카스
카스
카스
카스
카스
카스
카스
카스
카스
카스
카스
카스
카스
카스
카스
카스
카스
카스
카스
카스
카스
카스
카스
카스
카스
카스
카스
카스
카스
카스
카스
카스
카스
카스
카스
카스
카스
카스
카스
카스
카스
카스
카스
카스
카스
카스
카스
카스
카스
카스
카스
카스
카스
카스
카스
카스
카스
카스
카스
카스
카스
카스
카스
카스
카스
카스
카스
카스
카스
카스
카스
카스
카스
카스
카스
카스
카스
카스
카스
카스
카스
카스
카스
카스
카스
카스
카스
카스
카스
카스
카스
카스
카스
카스
카스
카스
카스
카스
카스
카스
카스
카스
카스
카스
카스
카스
카스
카스
카스
카스
카스
카스
카스
카스
카스
카스
카스
카스
카스
카스
카스
카스
카스
카스
카스
카스
카스
카스
카스
카스
카스
카스
카스
카스
카스
카스
카스
카스
카스
카스
카스
카스
카스
카스
카스
카스
카스
카스
카스
카스
카스
카스
카스
카스
카스
카스
카스
카스
카스
카스
카스
카스
카스
카스
카스
카스
카스
카스
카스
카스
카스
카스
카스
카스
카스
카스
카스
카스
카스
카스
카스
카스
카스
카스
카스
카스
카스
카스
카스
카스
카스
카스
카스
카스
카스
카스
카스
카스
카스
카스
카스
카스
카스
카스
카스
카스
카스
카스
카스
카스
카스
카스
카스
카스
카스
카스
카스
카스
카스
카스
카스
카스
카스
카스
카스
카스
카스
카스
카스
카스
카스
카스
카스
카스
카스
카스
카스
카스
카스
카스
카스
카스
카스
카스
카스
카스
카스
카스
카스
카스
카스
카스
카스
카스
카스
카스
카스
카스
카스
카스
카스
카스
카스
카스
카스
카스
카스
카스
카스
카스
카스
카스
카스
카스
카스
카스
카스
카스
카스
카스
카스
카스
카스
카스
카스
카스
카스
카스
카스
카스
카스
카스
카스
카스
카스
카스
카스
카스
카스
카스
카스
카스
카스
카스
카스
카스
카스
카스
카스
카스
카스
카스
카스
카스
카스
카스
카스
카스
카스
카스
카스
카스
카스
카스
카스
카스
카스
카스
카스
카스
카스
카스
카스
카스
카스
카스
카스
카스
카스
카스
카스
카스
카스
카스
카스
카스
카스
카스
카스
카스
카스
카스
카스
카스
카스
카스
카스
카스
카스
카스
카스
카스
카스
카스
카스
카스
카스
카스
카스
카스
카스
카스
카스
카스
카스
카스
카스
카스
카스
카스
카스
카스
카스
카스
카스
카스
카스
카스
카스
카스
카스
카스
카스
카스
카스
카스
카스
카스
카스
카스
카스
카스
카스
카스
카스
카스
카스
카스
카스
카스
카스
카스
카스
카스
카스
카스
카스
카스
카스
카스
카스
카스
카스
카스
카스
카스
카스
카스
카스
카스
카스
카스
카스
카스
카스
카스
카스
카스
카스
카스
카스
카스
카스
카스
카스
카스
카스
카스
카스
카스
카스
카스
카스
카스
카스
카스
카스
카스
카스
카스
카스
카스
카스
카스
카스
카스
카스
카스
카스
카스
카스
카스
카스
카스
카스
카스
카스
카스
카스
카스
카스
카스
카스
카스
카스
카스
카스
카스
카스
카스
카스
카스
카스
카스
카스
카스
카스
카스
카스
카스
카스
카스
카스
카스
카스
카스
카스
카스
카스
카스
카스
카스
카스
카스
카스
카스
카스
카스
카스
카스
카스
카스
카스
카스
카스
카스
카스
카스
카스
카스
카스
카스
카스
카스
카스
카스
카스
카스
카스
카스
카스
카스
카스
카스
카스
카스
카스
카스
카스
카스
카스
카스
카스
카스
카스
카스
카스
카스
카스
카스
카스
카스
카스
카스
카스
카스
카스
카스
카스
카스
카스
카스
카스
카스
카스
카스
카스
카스
카스
카스
카스
카스
카스
카스
카스
카스
카스
카스
카스
카스
카스
카스
카스
카스
카스
카스
카스
카스
카스
카스
카스
카스
카스
카스
카스
카스
카스
카스
카스
카스
카스
카스
카스
카스
카스
카스
카스
카스
카스
카스
카스
카스
카스
카스
카스
카스
카스
카스
카스
카스
카스
카스
카스
카스
카스
카스
카스
카스
카스
카스
카스
카스
카스
카스
카스
카스
카스
카스
카스
카스
카스
카스
카스
카스
카스
카스
카스
카스
카스
카스
카스
카스
카스
카스
카스
카스
카스
카스
카스
카스
카스
카스
카스
카스
카스
카스
카스
카스
카스
카스
카스
카스
카스
카스
카스
카스
카스
카스
카스
카스
카스
카스
카스
카스
카스
카스
카스
카스
카스
카스
카스
카스
카스
카스
카스
카스
카스
카스
카스
카스
카스
카스
카스
카스
카스
카스
카스
카스
카스
카스
카스
카스
카스
카스
카스
카스
카스
카스
카스
카스
카스
카스
카스
카스
카스
카스
카스
카스
카스
카스
카스
카스
카스
카스
카스
카스
카스
카스
카스
카스
카스
카스
카스
카스
카스
카스
카스
카스
카스
카스
카스
카스
카스
카스
카스
카스
카스
카스
카스
카스
카스
카스
카스
카스
카스
카스
카스
카스
카스
카스
카스
카스
카스
카스
카스
카스
카스
카스
카스
카스
카스
카스
카스
카스
카스
카스
카스
카스
카스
카스
카스
카스
카스
카스
카스
카스
카스
카스
카스
카스
카스
카스
카스
카스
카스
카스
카스
카스
카스
카스
카스
카스
카스
카스
카스
카스
카스
카스
카스
카스
카스
카스
카스
카스
카스
카스
카스
카스
카스
카스
카스
카스
카스
카스
카스
카스
카스
카스
카스
카스
카스
카스
카스
카스
카스
카스
카스
카스
카스
카스
카스
카스
카스
카스
카스
카스
카스
카스
카스
카스
카스
카스
카스
카스
카스
카스
카스
카스
카스
카스
카스
카스
카스
카스
카스
카스
카스
카스
카스
카스
카스
카스
카스
카스
카스
카스
카스
카스
카스
카스
카스
카스
카스
카스
카스
카스
카스
카스
카스
카스
카스
카스
카스
카스
카스
카스
카스
카스
카스
카스
카스
카스
카스
카스
카스
카스
카스
카스
카스
카스
카스
카스
카스
카스
카스
카스
카스
카스
카스
카스
카스
카스
카스
카스
카스
카스
카스
카스
카스
카스
카스
카스
카스
카스
카스
카스
카스
카스
카스
카스
카스
카스
카스
카스
카스
카스
카스
카스
카스
카스
카스
카스
카스
카스
카스
카스
카스
카스
카스
카스
카스
카스
카스
카스
카스
카스
카스
카스
카스
카스
카스
카스
카스
카스
카스
카스
카스
카스
카스
카스
카스
카스
카스
카스
카스
카스
카스
카스
카스
카스
카스
카스
카스
카스
카스
카스
카스
카스
카스
카스
카스
카스
카스
카스
카스
카스
카스
카스
카스
카스
카스
카스
카스
카스
카스
카스
카스
카스
카스
카스
카스
카스
카스
카스
카스
카스
카스
카스
카스
카스
카스
카스
카스
카스
카스
카스
카스
카스
카스
카스
카스
카스
카스
카스
카스
카스
카스
카스
카스
카스
카스
카스
카스
카스
카스
카스
카스
카스
카스
카스
카스
카스
카스
카스
카스
카스
카스
카스
카스
카스
카스
카스
카스
카스
카스
카스
카스
카스
카스
카스
카스
카스
카스
카스
카스
카스
카스
카스
카스
카스
카스
카스
카스
카스
카스
카스
필라이트
필라이트
필라이트
필라이트
필라이트
필라이트
필라이트
필라이트
필라이트
필라이트
필라이트
필라이트
필라이트
필라이트
필라이트
필라이트
필라이트
필라이트
필라이트
필라이트
필라이트
필라이트
필라이트
필라이트
필라이트
필라이트
필라이트
필라이트
필라이트
필라이트
필라이트
필라이트
필라이트
필라이트
필라이트
필라이트
필라이트
필라이트
필라이트
필라이트
필라이트
필라이트
필라이트
필라이트
필라이트
필라이트
필라이트
필라이트
필라이트
필라이트
필라이트
필라이트
필라이트
필라이트
필라이트
필라이트
필라이트
필라이트
필라이트
필라이트
필라이트
필라이트
필라이트
필라이트
필라이트
필라이트
필라이트
필라이트
필라이트
필라이트
필라이트
필라이트
필라이트
필라이트
필라이트
필라이트
필라이트
필라이트
필라이트
필라이트
필라이트
필라이트
필라이트
필라이트
필라이트
필라이트
필라이트
필라이트
필라이트
필라이트
필라이트
필라이트
필라이트
필라이트
필라이트
필라이트
필라이트
필라이트
필라이트
필라이트
필라이트
필라이트
필라이트
필라이트
필라이트
필라이트
필라이트
필라이트
필라이트
필라이트
필라이트
필라이트
필라이트
필라이트
필라이트
필라이트
필라이트
필라이트
필라이트
필라이트
필라이트
필라이트
필라이트
필라이트
필라이트
필라이트
필라이트
필라이트
필라이트
필라이트
필라이트
필라이트
필라이트
필라이트
필라이트
필라이트
필라이트
필라이트
필라이트
필라이트
필라이트
필라이트
필라이트
필라이트
필라이트
필라이트
필라이트
필라이트
필라이트
필라이트
필라이트
필라이트
필라이트
필라이트
필라이트
필라이트
필라이트
필라이트
필라이트
필라이트
필라이트
필라이트
필라이트
필라이트
필라이트
필라이트
필라이트
필라이트
필라이트
필라이트
필라이트
필라이트
필라이트
필라이트
필라이트
필라이트
필라이트
필라이트
필라이트
필라이트
필라이트
필라이트
필라이트
필라이트
필라이트
필라이트
필라이트
필라이트
필라이트
필라이트
필라이트
필라이트
필라이트
필라이트
필라이트
필라이트
필라이트
필라이트
필라이트
필라이트
필라이트
필라이트
필라이트
필라이트
필라이트
필라이트
필라이트
필라이트
필라이트
필라이트
필라이트
필라이트
필라이트
필라이트
필라이트
필라이트
필라이트
필라이트
필라이트
필라이트
필라이트
필라이트
필라이트
필라이트
필라이트
필라이트
필라이트
필라이트
필라이트
필라이트
필라이트
필라이트
필라이트
필라이트
필라이트
필라이트
필라이트
필라이트
필라이트
필라이트
필라이트
필라이트
필라이트
필라이트
필라이트
필라이트
필라이트
필라이트
필라이트
필라이트
필라이트
필라이트
필라이트
필라이트
필라이트
필라이트
필라이트
필라이트
필라이트
필라이트
필라이트
필라이트
필라이트
필라이트
필라이트
필라이트
필라이트
필라이트
필라이트
필라이트
필라이트
필라이트
필라이트
필라이트
필라이트
필라이트
필라이트
필라이트
필라이트
필라이트
필라이트
필라이트
필라이트
필라이트
필라이트
필라이트
필라이트
필라이트
필라이트
필라이트
필라이트
필라이트
필라이트
필라이트
필라이트
필라이트
필라이트
필라이트
필라이트
필라이트
필라이트
필라이트
필라이트
필라이트
필라이트
필라이트
필라이트
필라이트
필라이트
필라이트
필라이트
필라이트
필라이트
필라이트
필라이트
필라이트
필라이트
필라이트
필라이트
필라이트
필라이트
필라이트
필라이트
필라이트
필라이트
필라이트
필라이트
필라이트
필라이트
필라이트
필라이트
필라이트
필라이트
필라이트
필라이트
필라이트
필라이트
필라이트
필라이트
필라이트
필라이트
필라이트
필라이트
필라이트
필라이트
필라이트
필라이트
필라이트
필라이트
필라이트
필라이트
필라이트
필라이트
필라이트
필라이트
필라이트
필라이트
필라이트
필라이트
필라이트
필라이트
필라이트
필라이트
필라이트
필라이트
필라이트
필라이트
필라이트
필라이트
필라이트
필라이트
필라이트
필라이트
필라이트
필라이트
필라이트
필라이트
필라이트
필라이트
필라이트
필라이트
필라이트
필라이트
필라이트
필라이트
필라이트
필라이트
필라이트
필라이트
필라이트
필라이트
필라이트
필라이트
필라이트
필라이트
필라이트
필라이트
필라이트
필라이트
필라이트
필라이트
필라이트
필라이트
필라이트
필라이트
필라이트
필라이트
필라이트
필라이트
필라이트
필라이트
필라이트
필라이트
필라이트
필라이트
필라이트
필라이트
필라이트
필라이트
필라이트
필라이트
필라이트
필라이트
필라이트
필라이트
필라이트
필라이트
필라이트
필라이트
필라이트
필라이트
필라이트
필라이트
필라이트
필라이트
필라이트
필라이트
필라이트
필라이트
필라이트
필라이트
필라이트
필라이트
필라이트
필라이트
필라이트
필라이트
필라이트
필라이트
필라이트
필라이트
필라이트
필라이트
필라이트
필라이트
필라이트
필라이트
필라이트
필라이트
필라이트
필라이트
필라이트
필라이트
필라이트
필라이트
필라이트
필라이트
필라이트
필라이트
필라이트
필라이트
필라이트
필라이트
필라이트
필라이트
필라이트
필라이트
필라이트
필라이트
필라이트
필라이트
필라이트
필라이트
필라이트
필라이트
필라이트
필라이트
필라이트
필라이트
필라이트
필라이트
필라이트
필라이트
필라이트
필라이트
필라이트
필라이트
필라이트
필라이트
필라이트
필라이트
필라이트
필라이트
필라이트
필라이트
필라이트
필라이트
필라이트
필라이트
필라이트
필라이트
필라이트
필라이트
필라이트
필라이트
필라이트
필라이트
필라이트
필라이트
필라이트
필라이트
필라이트
필라이트
필라이트
필라이트
필라이트
필라이트
필라이트
필라이트
필라이트
필라이트
필라이트
필라이트
필라이트
필라이트
필라이트
필라이트
필라이트
필라이트
필라이트
필라이트
필라이트
필라이트
필라이트
필라이트
필라이트
필라이트
필라이트
필라이트
필라이트
필라이트
필라이트
필라이트
필라이트
필라이트
필라이트
필라이트
필라이트
필라이트
필라이트
필라이트
필라이트
필라이트
필라이트
필라이트
필라이트
필라이트
필라이트
필라이트
필라이트
필라이트
필라이트
필라이트
필라이트
필라이트
필라이트
필라이트
필라이트
필라이트
필라이트
필라이트
필라이트
필라이트
필라이트
필라이트
필라이트
필라이트
필라이트
필라이트
필라이트
필라이트
필라이트
필라이트
필라이트
필라이트
필라이트
필라이트
필라이트
필라이트
필라이트
필라이트
필라이트
필라이트
필라이트
필라이트
필라이트
필라이트
필라이트
필라이트
필라이트
필라이트
필라이트
필라이트
필라이트
필라이트
필라이트
필라이트
필라이트
필라이트
필라이트
필라이트
필라이트
필라이트
필라이트
필라이트
필라이트
필라이트
필라이트
필라이트
필라이트
필라이트
필라이트
필라이트
필라이트
필라이트
필라이트
필라이트
필라이트
필라이트
필라이트
필라이트
필라이트
필라이트
필라이트
필라이트
필라이트
필라이트
필라이트
필라이트
필라이트
필라이트
필라이트
필라이트
필라이트
필라이트
필라이트
필라이트
필라이트
필라이트
필라이트
필라이트
필라이트
필라이트
필라이트
필라이트
필라이트
필라이트
필라이트
필라이트
필라이트
필라이트
필라이트
필라이트
필라이트
필라이트
필라이트
필라이트
필라이트
필라이트
필라이트
필라이트
필라이트
필라이트
필라이트
필라이트
필라이트
필라이트
필라이트
필라이트
필라이트
필라이트
필라이트
필라이트
필라이트
필라이트
필라이트
필라이트
필라이트
필라이트
필라이트
필라이트
필라이트
필라이트
필라이트
필라이트
필라이트
필라이트
필라이트
필라이트
필라이트
필라이트
필라이트
필라이트
필라이트
필라이트
필라이트
필라이트
필라이트
필라이트
필라이트
필라이트
필라이트
필라이트
필라이트
필라이트
필라이트
필라이트
필라이트
필라이트
필라이트
필라이트
필라이트
필라이트
필라이트
필라이트
필라이트
필라이트
필라이트
필라이트
필라이트
필라이트
필라이트
필라이트
필라이트
필라이트
필라이트
필라이트
필라이트
필라이트
필라이트
필라이트
필라이트
필라이트
필라이트
필라이트
필라이트
필라이트
필라이트
필라이트
필라이트
필라이트
필라이트
필라이트
필라이트
필라이트
필라이트
필라이트
필라이트
필라이트
필라이트
필라이트
필라이트
필라이트
필라이트
필라이트
필라이트
필라이트
필라이트
필라이트
필라이트
필라이트
필라이트
필라이트
필라이트
필라이트
필라이트
필라이트
필라이트
필라이트
필라이트
필라이트
필라이트
필라이트
필라이트
필라이트
필라이트
필라이트
필라이트
필라이트
필라이트
필라이트
필라이트
필라이트
필라이트
필라이트
필라이트
필라이트
필라이트
필라이트
필라이트
필라이트
필라이트
필라이트
필라이트
필라이트
필라이트
필라이트
필라이트
필라이트
필라이트
필라이트
필라이트
필라이트
필라이트
필라이트
필라이트
필라이트
필라이트
필라이트
필라이트
필라이트
필라이트
필라이트
필라이트
필라이트
필라이트
필라이트
필라이트
필라이트
필라이트
필라이트
필라이트
필라이트
필라이트
필라이트
필라이트
필라이트
필라이트
필라이트
필라이트
필라이트
필라이트
필라이트
필라이트
필라이트
필라이트
필라이트
필라이트
필라이트
필라이트
필라이트
필라이트
필라이트
필라이트
필라이트
필라이트
필라이트
필라이트
필라이트
필라이트
필라이트
필라이트
필라이트
필라이트
필라이트
필라이트
필라이트
필라이트
필라이트
필라이트
필라이트
필라이트
필라이트
필라이트
필라이트
필라이트
필라이트
필라이트
필라이트
필라이트
필라이트
필라이트
필라이트
필라이트
필라이트
필라이트
필라이트
필라이트
필라이트
필라이트
필라이트
필라이트
필라이트
필라이트
필라이트
필라이트
필라이트
필라이트
필라이트
필라이트
필라이트
필라이트
필라이트
필라이트
필라이트
필라이트
필라이트
필라이트
필라이트
필라이트
필라이트
필라이트
필라이트
필라이트
필라이트
필라이트
필라이트
필라이트
필라이트
필라이트
필라이트
필라이트
필라이트
필라이트
필라이트
필라이트
필라이트
필라이트
필라이트
필라이트
필라이트
필라이트
필라이트
필라이트
필라이트
필라이트
필라이트
필라이트
필라이트
필라이트
필라이트
필라이트
필라이트
필라이트
필라이트
필라이트
필라이트
필라이트
필라이트
필라이트
필라이트
필라이트
필라이트
필라이트
필라이트
필라이트
필라이트
필라이트
필라이트
필라이트
필라이트
필라이트
필라이트
필라이트
필라이트
필라이트
필라이트
필라이트
필라이트
필라이트
필라이트
필라이트
필라이트
필라이트
필라이트
필라이트
필라이트
필라이트
필라이트
필라이트
필라이트
필라이트
필라이트
필라이트
필라이트
필라이트
필라이트
필라이트
필라이트
필라이트
필라이트
필라이트
필라이트
필라이트
필라이트
필라이트
필라이트
필라이트
필라이트
필라이트
필라이트
필라이트
필라이트
필라이트
필라이트
필라이트
필라이트
필라이트
필라이트
필라이트
필라이트
필라이트
필라이트
필라이트
필라이트
필라이트
필라이트
필라이트
필라이트
필라이트
필라이트
필라이트
필라이트
필라이트
필라이트
필라이트
필라이트
필라이트
필라이트
필라이트
필라이트
필라이트
필라이트
필라이트
필라이트
필라이트
필라이트
필라이트
필라이트
필라이트
필라이트
필라이트
필라이트
필라이트
필라이트
필라이트
필라이트
필라이트
필라이트
필라이트
필라이트
필라이트
필라이트
필라이트
필라이트
필라이트
필라이트
필라이트
필라이트
필라이트
필라이트
필라이트
필라이트
필라이트
필라이트
필라이트
필라이트
필라이트
필라이트
필라이트
필라이트
필라이트
필라이트
필라이트
필라이트
필라이트
필라이트
필라이트
필라이트
필라이트
필라이트
필라이트
필라이트
필라이트
필라이트
필라이트
필라이트
필라이트
필라이트
필라이트
필라이트
필라이트
필라이트
필라이트
필라이트
필라이트
필라이트
필라이트
필라이트
필라이트
필라이트
필라이트
필라이트
필라이트
필라이트
필라이트
필라이트
필라이트
필라이트
필라이트
필라이트
필라이트
필라이트
필라이트
필라이트
필라이트
필라이트
필라이트
필라이트
필라이트
필라이트
필라이트
필라이트
필라이트
필라이트
필라이트
필라이트
필라이트
필라이트
필라이트
필라이트
필라이트
필라이트
필라이트
필라이트
필라이트
필라이트
필라이트
필라이트
필라이트
필라이트
필라이트
필라이트
필라이트
필라이트
필라이트
필라이트
필라이트
필라이트
필라이트
필라이트
필라이트
필라이트
필라이트
필라이트
필라이트
필라이트
필라이트
필라이트
필라이트
필라이트
필라이트
필라이트
필라이트
필라이트
필라이트
필라이트
필라이트
필라이트
필라이트
필라이트
필라이트
필라이트
필라이트
필라이트
필라이트
필라이트
필라이트
필라이트
필라이트
필라이트
필라이트
필라이트
필라이트
필라이트
필라이트
필라이트
필라이트
필라이트
필라이트
필라이트
필라이트
필라이트
필라이트
필라이트
필라이트
필라이트
필라이트
필라이트
필라이트
필라이트
필라이트
필라이트
필라이트
필라이트
필라이트
필라이트
필라이트
필라이트
필라이트
필라이트
필라이트
필라이트
필라이트
필라이트
필라이트
필라이트
필라이트
필라이트
필라이트
필라이트
필라이트
필라이트
필라이트
필라이트
필라이트
필라이트
필라이트
필라이트
필라이트
필라이트
필라이트
필라이트
필라이트
필라이트
필라이트
필라이트
필라이트
필라이트
필라이트
필라이트
필라이트
필라이트
필라이트
필라이트
필라이트
필라이트
필라이트
필라이트
필라이트
필라이트
필라이트
필라이트
필라이트
필라이트
필라이트
필라이트
필라이트
필라이트
필라이트
필라이트
필라이트
필라이트
필라이트
필라이트
필라이트
필라이트
필라이트
필라이트
필라이트
필라이트
필라이트
필라이트
필라이트
필라이트
필라이트
필라이트
필라이트
필라이트
필라이트
필라이트
필라이트
필라이트
필라이트
필라이트
필라이트
필라이트
필라이트
필라이트
필라이트
필라이트
필라이트
필라이트
필라이트
필라이트
필라이트
필라이트
필라이트
필라이트
필라이트
필라이트
필라이트
필라이트
필라이트
필라이트
필라이트
필라이트
필라이트
필라이트
필라이트
필라이트
필라이트
필라이트
필라이트
필라이트
필라이트
필라이트
필라이트
필라이트
필라이트
필라이트
필라이트
필라이트
필라이트
필라이트
필라이트
필라이트
필라이트
필라이트
필라이트
필라이트
필라이트
필라이트
필라이트
필라이트
필라이트
필라이트
필라이트
필라이트
필라이트
필라이트
필라이트
필라이트
필라이트
필라이트
필라이트
필라이트
필라이트
필라이트
필라이트
필라이트
필라이트
필라이트
필라이트
필라이트
필라이트
필라이트
필라이트
필라이트
필라이트
필라이트
필라이트
필라이트
필라이트
필라이트
필라이트
필라이트
필라이트
필라이트
필라이트
필라이트
필라이트
필라이트
필라이트
필라이트
필라이트
필라이트
필라이트
필라이트
필라이트
필라이트
필라이트
필라이트
필라이트
필라이트
필라이트
필라이트
필라이트
필라이트
필라이트
필라이트
필라이트
필라이트
필라이트
필라이트
필라이트
필라이트
필라이트
필라이트
필라이트
필라이트
필라이트
필라이트
필라이트
필라이트
필라이트
필라이트
필라이트
필라이트
필라이트
필라이트
필라이트
필라이트
필라이트
필라이트
필라이트
필라이트
필라이트
필라이트
필라이트
필라이트
필라이트
필라이트
필라이트
필라이트
필라이트
필라이트
필라이트
필라이트
필라이트
필라이트
필라이트
필라이트
필라이트
필라이트
필라이트
필라이트
필라이트
필라이트
필라이트
필라이트
필라이트
필라이트
필라이트
필라이트
필라이트
필라이트
필라이트
필라이트
필라이트
필라이트
필라이트
필라이트
필라이트
필라이트
필라이트
필라이트
필라이트
필라이트
필라이트
필라이트
필라이트
필라이트
필라이트
필라이트
필라이트
필라이트
필라이트
필라이트
필라이트
필라이트
필라이트
필라이트
필라이트
필라이트
필라이트
필라이트
필라이트
필라이트
필라이트
필라이트
필라이트
필라이트
필라이트
필라이트
필라이트
필라이트
필라이트
필라이트
필라이트
필라이트
필라이트
필라이트
필라이트
필라이트
필라이트
필라이트
필라이트
필라이트
필라이트
필라이트
필라이트
필라이트
필라이트
필라이트
필라이트
필라이트
필라이트
필라이트
필라이트
필라이트
필라이트
필라이트
필라이트
필라이트
필라이트
필라이트
필라이트
필라이트
필라이트
필라이트
필라이트
필라이트
필라이트
필라이트
필라이트
필라이트
필라이트
필라이트
필라이트
필라이트
필라이트
필라이트
필라이트
필라이트
필라이트
필라이트
필라이트
필라이트
필라이트
필라이트
필라이트
필라이트
필라이트
필라이트
필라이트
필라이트
필라이트
필라이트
필라이트
필라이트
필라이트
필라이트
필라이트
필라이트
필라이트
필라이트
필라이트
필라이트
필라이트
필라이트
필라이트
필라이트
필라이트
필라이트
필라이트
필라이트
필라이트
필라이트
필라이트
필라이트
필라이트
필라이트
필라이트
필라이트
필라이트
필라이트
필라이트
필라이트
필라이트
필라이트
필라이트
필라이트
필라이트
필라이트
필라이트
필라이트
필라이트
필라이트
필라이트
필라이트
필라이트
필라이트
필라이트
필라이트
필라이트
필라이트
필라이트
필라이트
필라이트
필라이트
필라이트
필라이트
필라이트
필라이트
필라이트
필라이트
필라이트
필라이트
필라이트
필라이트
필라이트
필라이트
필라이트
필라이트
필라이트
필라이트
필라이트
필라이트
필라이트
필라이트
필라이트
필라이트
필라이트
필라이트
필라이트
필라이트
필라이트
필라이트
필라이트
필라이트
필라이트
필라이트
필라이트
필라이트
필라이트
필라이트
필라이트
필라이트
필라이트
필라이트
필라이트
필라이트
필라이트
필라이트
필라이트
필라이트
필라이트
필라이트
필라이트
필라이트
필라이트
필라이트
필라이트
필라이트
필라이트
필라이트
필라이트
필라이트
필라이트
필라이트
필라이트
필라이트
필라이트
필라이트
필라이트
필라이트
필라이트
필라이트
필라이트
필라이트
필라이트
필라이트
필라이트
필라이트
필라이트
필라이트
필라이트
필라이트
필라이트
필라이트
필라이트
필라이트
필라이트
필라이트
필라이트
필라이트
필라이트
필라이트
필라이트
필라이트
필라이트
필라이트
필라이트
필라이트
필라이트
필라이트
필라이트
필라이트
필라이트
필라이트
필라이트
필라이트
필라이트
필라이트
필라이트
필라이트
필라이트
필라이트
필라이트
필라이트
필라이트
필라이트
필라이트
필라이트
필라이트
필라이트
필라이트
필라이트
필라이트
필라이트
필라이트
필라이트
필라이트
필라이트
필라이트
필라이트
필라이트
필라이트
필라이트
필라이트
필라이트
필라이트
필라이트
필라이트
필라이트
필라이트
필라이트
필라이트
필라이트
필라이트
필라이트
필라이트
필라이트
필라이트
필라이트
필라이트
필라이트
필라이트
필라이트
필라이트
필라이트
필라이트
필라이트
필라이트
필라이트
필라이트
필라이트
필라이트
필라이트
필라이트
필라이트
필라이트
필라이트
필라이트
필라이트
필라이트
필라이트
필라이트
필라이트
필라이트
필라이트
필라이트
필라이트
필라이트
필라이트
필라이트
필라이트
필라이트
필라이트
필라이트
필라이트
필라이트
필라이트
필라이트
필라이트
필라이트
필라이트
필라이트
필라이트
필라이트
필라이트
필라이트
필라이트
필라이트
필라이트
필라이트
필라이트
필라이트
필라이트
필라이트
필라이트
필라이트
필라이트
필라이트
필라이트
필라이트
필라이트
필라이트
필라이트
필라이트
필라이트
필라이트
필라이트
필라이트
필라이트
필라이트
필라이트
필라이트
필라이트
필라이트
필라이트
필라이트
필라이트
필라이트
필라이트
필라이트
필라이트
필라이트
필라이트
필라이트
필라이트
필라이트
필라이트
필라이트
필라이트
필라이트
필라이트
필라이트
필라이트
필라이트
필라이트
필라이트
필라이트
필라이트
필라이트
필라이트
필라이트
필라이트
필라이트
필라이트
필라이트
필라이트
필라이트
필라이트
필라이트
필라이트
필라이트
필라이트
필라이트
필라이트
필라이트
필라이트
필라이트
필라이트
필라이트
필라이트
필라이트
필라이트
필라이트
필라이트
필라이트
필라이트
필라이트
필라이트
필라이트
필라이트
필라이트
필라이트
필라이트
필라이트
필라이트
필라이트
필라이트
필라이트
필라이트
필라이트
필라이트
필라이트
필라이트
필라이트
필라이트
필라이트
필라이트
필라이트
필라이트
필라이트
필라이트
필라이트
필라이트
필라이트
필라이트
필라이트
필라이트
필라이트
필라이트
필라이트
필라이트
필라이트
필라이트
필라이트
필라이트
필라이트
필라이트
필라이트
필라이트
필라이트
필라이트
필라이트
필라이트
필라이트
필라이트
필라이트
필라이트
필라이트
필라이트
필라이트
필라이트
필라이트
필라이트
필라이트
필라이트
필라이트
필라이트
필라이트
필라이트
필라이트
필라이트
필라이트
필라이트
필라이트
필라이트
필라이트
필라이트
필라이트
필라이트
필라이트
필라이트
필라이트
필라이트
필라이트
필라이트
필라이트
필라이트
필라이트
필라이트
필라이트
필라이트
필라이트
필라이트
필라이트
필라이트
필라이트
필라이트
필라이트
필라이트
필라이트
필라이트
필라이트
필라이트
필라이트
필라이트
필라이트
필라이트
필라이트
필라이트
필라이트
필라이트
필라이트
필라이트
필라이트
필라이트
필라이트
필라이트
필라이트
필라이트
필라이트
필라이트
필라이트
필라이트
필라이트
필라이트
필라이트
필라이트
필라이트
필라이트
필라이트
필라이트
필라이트
필라이트
필라이트
필라이트
필라이트
필라이트
필라이트
필라이트
필라이트
필라이트
필라이트
필라이트
필라이트
필라이트
필라이트
필라이트
필라이트
필라이트
필라이트
필라이트
필라이트
필라이트
필라이트
필라이트
필라이트
필라이트
필라이트
필라이트
필라이트
필라이트
필라이트
필라이트
필라이트
필라이트
필라이트
필라이트
필라이트
필라이트
필라이트
필라이트
필라이트
필라이트
필라이트
필라이트
필라이트
필라이트
필라이트
필라이트
필라이트
필라이트
필라이트
필라이트
필라이트
필라이트
필라이트
필라이트
필라이트
필라이트
필라이트
필라이트
필라이트
필라이트
필라이트
필라이트
필라이트
필라이트
필라이트
필라이트
필라이트
필라이트
필라이트
필라이트
필라이트
필라이트
필라이트
필라이트
필라이트
필라이트
필라이트
필라이트
필라이트
필라이트
필라이트
필라이트
필라이트
필라이트
필라이트
필라이트
필라이트
필라이트
필라이트
필라이트
필라이트
필라이트
필라이트
필라이트
필라이트
필라이트
필라이트
필라이트
필라이트
필라이트
필라이트
필라이트
필라이트
필라이트
필라이트
필라이트
필라이트
필라이트
필라이트
필라이트
필라이트
필라이트
필라이트
필라이트
필라이트
필라이트
필라이트
필라이트
필라이트
필라이트
필라이트
필라이트
필라이트
필라이트
필라이트
필라이트
필라이트
필라이트
필라이트
필라이트
필라이트
필라이트
필라이트
필라이트
필라이트
필라이트
필라이트
필라이트
필라이트
필라이트
필라이트
필라이트
필라이트
필라이트
필라이트
필라이트
필라이트
필라이트
필라이트
필라이트
필라이트
필라이트
필라이트
필라이트
필라이트
필라이트
필라이트
필라이트
필라이트
필라이트
필라이트
필라이트
필라이트
필라이트
필라이트
필라이트
필라이트
필라이트
필라이트
필라이트
필라이트
필라이트
필라이트
필라이트
필라이트
필라이트
필라이트
필라이트
필라이트
필라이트
필라이트
필라이트
필라이트
필라이트
필라이트
필라이트
필라이트
필라이트
필라이트
필라이트
필라이트
필라이트
필라이트
필라이트
필라이트
필라이트
필라이트
필라이트
필라이트
필라이트
필라이트
필라이트
필라이트
필라이트
필라이트
필라이트
필라이트
필라이트
필라이트
필라이트
필라이트
필라이트
필라이트
필라이트
필라이트
필라이트
필라이트
필라이트
필라이트
필라이트
필라이트
필라이트
필라이트
필라이트
필라이트
필라이트
필라이트
필라이트
필라이트
필라이트
필라이트
필라이트
필라이트
필라이트
필라이트
필라이트
필라이트
필라이트
필라이트
필라이트
필라이트
필라이트
필라이트
필라이트
필라이트
필라이트
필라이트
필라이트
필라이트
필라이트
필라이트
필라이트
필라이트
필라이트
필라이트
필라이트
필라이트
필라이트
필라이트
필라이트
필라이트
필라이트
필라이트
필라이트
필라이트
필라이트
필라이트
필라이트
필라이트
필라이트
필라이트
필라이트
필라이트
필라이트
필라이트
필라이트
필라이트
필라이트
필라이트
필라이트
필라이트
필라이트
필라이트
필라이트
필라이트
필라이트
필라이트
필라이트
필라이트
필라이트
필라이트
필라이트
필라이트
필라이트
필라이트
필라이트
필라이트
필라이트
필라이트
필라이트
필라이트
필라이트
필라이트
필라이트
필라이트
필라이트
필라이트
필라이트
필라이트
필라이트
필라이트
필라이트
필라이트
필라이트
필라이트
필라이트
필라이트
필라이트
필라이트
필라이트
필라이트
필라이트
필라이트
필라이트
필라이트
필라이트
필라이트
필라이트
필라이트
필라이트
필라이트
필라이트
필라이트
필라이트
필라이트
필라이트
필라이트
필라이트
필라이트
필라이트
필라이트
필라이트
필라이트
필라이트
필라이트
필라이트
필라이트
필라이트
필라이트
필스너
필스너
필스너
필스너
필스너
필스너
필스너
필스너
필스너
필스너
필스너
필스너
필스너
필스너
필스너
필스너
필스너
필스너
필스너
필스너
필스너
필스너
필스너
필스너
필스너
필스너
필스너
필스너
필스너
필스너
필스너
필스너
필스너
필스너
필스너
필스너
필스너
필스너
필스너
필스너
필스너
필스너
필스너
필스너
필스너
필스너
필스너
필스너
필스너
필스너
필스너
필스너
필스너
필스너
필스너
필스너
필스너
필스너
필스너
필스너
필스너
필스너
필스너
필스너
필스너
필스너
필스너
필스너
필스너
필스너
필스너
필스너
필스너
필스너
필스너
필스너
필스너
필스너
필스너
필스너
필스너
필스너
필스너
필스너
필스너
필스너
필스너
필스너
필스너
필스너
필스너
필스너
필스너
필스너
필스너
필스너
필스너
필스너
필스너
필스너
필스너
필스너
필스너
필스너
필스너
필스너
필스너
필스너
필스너
필스너
필스너
필스너
필스너
필스너
필스너
필스너
필스너
필스너
필스너
필스너
필스너
필스너
필스너
필스너
필스너
필스너
필스너
필스너
필스너
필스너
필스너
필스너
필스너
필스너
필스너
필스너
필스너
필스너
필스너
필스너
필스너
필스너
필스너
필스너
필스너
필스너
필스너
필스너
필스너
필스너
필스너
필스너
필스너
필스너
필스너
필스너
필스너
필스너
필스너
필스너
필스너
필스너
필스너
필스너
필스너
필스너
필스너
필스너
필스너
필스너
필스너
필스너
필스너
필스너
필스너
필스너
필스너
필스너
필스너
필스너
필스너
필스너
필스너
필스너
필스너
필스너
필스너
필스너
필스너
필스너
필스너
필스너
필스너
필스너
필스너
필스너
필스너
필스너
필스너
필스너
필스너
필스너
필스너
필스너
필스너
필스너
필스너
필스너
필스너
필스너
필스너
필스너
필스너
필스너
필스너
필스너
필스너
필스너
필스너
필스너
필스너
필스너
필스너
필스너
필스너
필스너
필스너
필스너
필스너
필스너
필스너
필스너
필스너
필스너
필스너
필스너
필스너
필스너
필스너
필스너
필스너
필스너
필스너
필스너
필스너
필스너
필스너
필스너
필스너
필스너
필스너
필스너
필스너
필스너
필스너
필스너
필스너
필스너
필스너
필스너
필스너
필스너
필스너
필스너
필스너
필스너
필스너
필스너
필스너
필스너
필스너
필스너
필스너
필스너
필스너
필스너
필스너
필스너
필스너
필스너
필스너
필스너
필스너
필스너
필스너
필스너
필스너
필스너
필스너
필스너
필스너
필스너
필스너
필스너
필스너
필스너
필스너
필스너
필스너
필스너
필스너
필스너
필스너
필스너
필스너
필스너
필스너
필스너
필스너
필스너
필스너
필스너
필스너
필스너
필스너
필스너
필스너
필스너
필스너
필스너
필스너
필스너
필스너
필스너
필스너
필스너
필스너
필스너
필스너
필스너
필스너
필스너
필스너
필스너
필스너
필스너
필스너
필스너
필스너
필스너
필스너
필스너
필스너
필스너
필스너
필스너
필스너
필스너
필스너
필스너
필스너
필스너
필스너
필스너
필스너
필스너
필스너
필스너
필스너
필스너
필스너
필스너
필스너
필스너
필스너
필스너
필스너
필스너
필스너
필스너
필스너
필스너
필스너
필스너
필스너
필스너
필스너
필스너
필스너
필스너
필스너
필스너
필스너
필스너
필스너
필스너
필스너
필스너
필스너
필스너
필스너
필스너
필스너
필스너
필스너
필스너
필스너
필스너
필스너
필스너
필스너
필스너
필스너
필스너
필스너
필스너
필스너
필스너
필스너
필스너
필스너
필스너
필스너
필스너
필스너
필스너
필스너
필스너
필스너
필스너
필스너
필스너
필스너
필스너
필스너
필스너
필스너
필스너
필스너
필스너
필스너
필스너
필스너
필스너
필스너
필스너
필스너
필스너
필스너
필스너
필스너
필스너
필스너
필스너
필스너
필스너
필스너
필스너
필스너
필스너
필스너
필스너
필스너
필스너
필스너
필스너
필스너
필스너
필스너
필스너
필스너
필스너
필스너
필스너
필스너
필스너
필스너
필스너
필스너
필스너
필스너
필스너
필스너
필스너
필스너
필스너
필스너
필스너
필스너
필스너
필스너
필스너
필스너
필스너
필스너
필스너
필스너
필스너
필스너
필스너
필스너
필스너
필스너
필스너
필스너
필스너
필스너
필스너
필스너
필스너
필스너
필스너
필스너
필스너
필스너
필스너
필스너
필스너
필스너
필스너
필스너
필스너
필스너
필스너
필스너
필스너
필스너
필스너
필스너
필스너
필스너
필스너
필스너
필스너
필스너
필스너
필스너
필스너
필스너
필스너
필스너
필스너
필스너
필스너
필스너
필스너
필스너
필스너
필스너
필스너
필스너
필스너
필스너
필스너
필스너
필스너
필스너
필스너
필스너
필스너
필스너
필스너
필스너
필스너
필스너
필스너
필스너
필스너
필스너
필스너
필스너
필스너
필스너
필스너
필스너
필스너
필스너
필스너
필스너
필스너
필스너
필스너
필스너
필스너
필스너
필스너
필스너
필스너
필스너
필스너
필스너
필스너
필스너
필스너
필스너
필스너
필스너
필스너
필스너
필스너
필스너
필스너
필스너
필스너
필스너
필스너
필스너
필스너
필스너
필스너
필스너
필스너
필스너
필스너
필스너
필스너
필스너
필스너
필스너
필스너
필스너
필스너
필스너
필스너
필스너
필스너
필스너
필스너
필스너
필스너
필스너
필스너
필스너
필스너
필스너
필스너
필스너
필스너
필스너
필스너
필스너
필스너
필스너
필스너
필스너
필스너
필스너
필스너
필스너
필스너
필스너
필스너
필스너
필스너
필스너
필스너
필스너
필스너
필스너
필스너
필스너
필스너
필스너
필스너
필스너
필스너
필스너
필스너
필스너
필스너
필스너
필스너
필스너
필스너
필스너
필스너
필스너
필스너
필스너
필스너
필스너
필스너
필스너
필스너
필스너
필스너
필스너
필스너
필스너
필스너
필스너
필스너
필스너
필스너
필스너
필스너
필스너
필스너
필스너
필스너
필스너
필스너
필스너
필스너
필스너
필스너
필스너
필스너
필스너
필스너
필스너
필스너
필스너
필스너
필스너
필스너
필스너
필스너
필스너
필스너
필스너
필스너
필스너
필스너
필스너
필스너
필스너
필스너
필스너
필스너
필스너
필스너
필스너
필스너
필스너
필스너
필스너
필스너
필스너
필스너
필스너
필스너
필스너
필스너
필스너
필스너
필스너
필스너
필스너
필스너
필스너
필스너
필스너
필스너
필스너
필스너
필스너
필스너
필스너
필스너
필스너
필스너
필스너
필스너
필스너
필스너
필스너
필스너
필스너
필스너
필스너
필스너
필스너
필스너
필스너
필스너
필스너
필스너
필스너
필스너
필스너
필스너
필스너
필스너
필스너
필스너
필스너
필스너
필스너
필스너
필스너
필스너
필스너
필스너
필스너
필스너
필스너
필스너
필스너
필스너
필스너
필스너
필스너
필스너
필스너
필스너
필스너
필스너
필스너
필스너
필스너
필스너
필스너
필스너
필스너
필스너
필스너
필스너
필스너
필스너
필스너
필스너
필스너
필스너
필스너
필스너
필스너
필스너
필스너
필스너
필스너
필스너
필스너
필스너
필스너
필스너
필스너
필스너
필스너
필스너
필스너
필스너
필스너
필스너
필스너
필스너
필스너
필스너
필스너
필스너
필스너
필스너
필스너
필스너
필스너
필스너
필스너
필스너
필스너
필스너
필스너
필스너
필스너
필스너
필스너
필스너
필스너
필스너
필스너
필스너
필스너
필스너
필스너
필스너
필스너
필스너
필스너
필스너
필스너
필스너
필스너
필스너
필스너
필스너
필스너
필스너
필스너
필스너
필스너
필스너
필스너
필스너
필스너
필스너
필스너
필스너
필스너
필스너
필스너
필스너
필스너
필스너
필스너
필스너
필스너
필스너
필스너
필스너
필스너
필스너
필스너
필스너
필스너
필스너
필스너
필스너
필스너
필스너
필스너
필스너
필스너
필스너
필스너
필스너
필스너
필스너
필스너
필스너
필스너
필스너
필스너
필스너
필스너
필스너
필스너
필스너
필스너
필스너
필스너
필스너
필스너
필스너
필스너
필스너
필스너
필스너
필스너
필스너
필스너
필스너
필스너
필스너
필스너
필스너
필스너
필스너
필스너
필스너
필스너
필스너
필스너
필스너
필스너
필스너
필스너
필스너
필스너
필스너
필스너
필스너
필스너
필스너
필스너
필스너
필스너
필스너
필스너
필스너
필스너
필스너
필스너
필스너
필스너
필스너
필스너
필스너
필스너
필스너
필스너
필스너
필스너
필스너
필스너
필스너
필스너
필스너
필스너
필스너
필스너
필스너
필스너
필스너
필스너
필스너
필스너
필스너
필스너
필스너
필스너
필스너
필스너
필스너
필스너
필스너
필스너
필스너
필스너
필스너
필스너
필스너
필스너
필스너
필스너
필스너
필스너
필스너
필스너
필스너
필스너
필스너
필스너
필스너
필스너
필스너
필스너
필스너
필스너
필스너
필스너
필스너
필스너
필스너
필스너
필스너
필스너
필스너
필스너
필스너
필스너
필스너
필스너
필스너
필스너
필스너
필스너
필스너
필스너
필스너
필스너
필스너
필스너
필스너
필스너
필스너
필스너
필스너
필스너
필스너
필스너
필스너
필스너
필스너
필스너
필스너
필스너
필스너
필스너
필스너
필스너
필스너
필스너
필스너
필스너
필스너
필스너
필스너
필스너
필스너
필스너
필스너
필스너
필스너
필스너
필스너
필스너
필스너
필스너
필스너
필스너
필스너
필스너
필스너
필스너
필스너
필스너
필스너
필스너
필스너
필스너
필스너
필스너
필스너
필스너
필스너
필스너
필스너
필스너
필스너
필스너
필스너
필스너
필스너
필스너
필스너
필스너
필스너
필스너
필스너
필스너
필스너
필스너
필스너
필스너
필스너
필스너
필스너
필스너
필스너
필스너
필스너
필스너
필스너
필스너
필스너
필스너
필스너
필스너
필스너
필스너
필스너
필스너
필스너
필스너
필스너
필스너
필스너
필스너
필스너
필스너
필스너
필스너
필스너
필스너
필스너
필스너
필스너
필스너
필스너
필스너
필스너
필스너
필스너
필스너
필스너
필스너
필스너
필스너
필스너
필스너
필스너
필스너
필스너
필스너
필스너
필스너
필스너
필스너
필스너
필스너
필스너
필스너
필스너
필스너
필스너
필스너
필스너
필스너
필스너
필스너
필스너
필스너
필스너
필스너
필스너
필스너
필스너
필스너
필스너
필스너
필스너
필스너
필스너
필스너
필스너
필스너
필스너
필스너
필스너
필스너
필스너
필스너
필스너
필스너
필스너
필스너
필스너
필스너
필스너
필스너
필스너
필스너
필스너
필스너
필스너
필스너
필스너
필스너
필스너
필스너
필스너
필스너
필스너
필스너
필스너
필스너
필스너
필스너
필스너
필스너
필스너
필스너
필스너
필스너
필스너
필스너
필스너
필스너
필스너
필스너
필스너
필스너
필스너
필스너
필스너
필스너
필스너
필스너
필스너
필스너
필스너
필스너
필스너
필스너
필스너
필스너
필스너
필스너
필스너
필스너
필스너
필스너
필스너
필스너
필스너
필스너
필스너
필스너
필스너
필스너
필스너
필스너
필스너
필스너
필스너
필스너
필스너
필스너
필스너
필스너
필스너
필스너
필스너
필스너
필스너
필스너
필스너
필스너
필스너
필스너
필스너
필스너
필스너
필스너
필스너
필스너
필스너
필스너
필스너
필스너
필스너
필스너
필스너
필스너
필스너
필스너
필스너
필스너
필스너
필스너
필스너
필스너
필스너
필스너
필스너
필스너
필스너
필스너
필스너
필스너
필스너
필스너
필스너
필스너
필스너
필스너
필스너
필스너
필스너
필스너
필스너
필스너
필스너
필스너
필스너
필스너
필스너
필스너
필스너
필스너
필스너
필스너
필스너
필스너
필스너
필스너
필스너
필스너
필스너
필스너
필스너
필스너
필스너
필스너
필스너
필스너
필스너
필스너
필스너
필스너
필스너
필스너
필스너
필스너
필스너
필스너
필스너
필스너
필스너
필스너
필스너
필스너
필스너
필스너
필스너
필스너
필스너
필스너
필스너
필스너
필스너
필스너
필스너
필스너
필스너
필스너
필스너
필스너
필스너
필스너
필스너
필스너
필스너
필스너
필스너
필스너
필스너
필스너
필스너
필스너
필스너
필스너
필스너
필스너
필스너
필스너
필스너
필스너
필스너
필스너
필스너
필스너
필스너
필스너
필스너
필스너
필스너
필스너
필스너
필스너
필스너
필스너
필스너
필스너
필스너
필스너
필스너
필스너
필스너
필스너
필스너
필스너
필스너
필스너
필스너
필스너
필스너
필스너
필스너
필스너
필스너
필스너
필스너
필스너
필스너
필스너
필스너
필스너
필스너
필스너
필스너
필스너
필스너
필스너
필스너
필스너
필스너
필스너
필스너
필스너
필스너
필스너
필스너
필스너
필스너
필스너
필스너
필스너
필스너
필스너
필스너
필스너
필스너
필스너
필스너
필스너
필스너
필스너
필스너
필스너
필스너
필스너
필스너
필스너
필스너
필스너
필스너
필스너
필스너
필스너
필스너
필스너
필스너
필스너
필스너
필스너
필스너
필스너
필스너
필스너
필스너
필스너
필스너
필스너
필스너
필스너
필스너
필스너
필스너
필스너
필스너
필스너
필스너
필스너
필스너
필스너
필스너
필스너
필스너
필스너
필스너
필스너
필스너
필스너
필스너
필스너
필스너
필스너
필스너
필스너
필스너
필스너
필스너
필스너
필스너
필스너
필스너
필스너
필스너
필스너
필스너
필스너
필스너
필스너
필스너
필스너
필스너
필스너
필스너
필스너
필스너
필스너
필스너
필스너
필스너
필스너
필스너
필스너
필스너
필스너
필스너
필스너
필스너
필스너
필스너
필스너
필스너
필스너
필스너
필스너
필스너
필스너
필스너
필스너
필스너
필스너
필스너
필스너
필스너
필스너
필스너
필스너
필스너
필스너
필스너
필스너
필스너
필스너
필스너
필스너
필스너
필스너
필스너
필스너
필스너
필스너
필스너
필스너
필스너
필스너
필스너
필스너
필스너
필스너
필스너
필스너
필스너
필스너
필스너
필스너
필스너
필스너
필스너
필스너
필스너
필스너
필스너
필스너
필스너
필스너
필스너
필스너
필스너
필스너
필스너
필스너
필스너
필스너
필스너
필스너
필스너
필스너
필스너
필스너
필스너
필스너
필스너
필스너
필스너
필스너
필스너
필스너
필스너
필스너
필스너
필스너
필스너
필스너
필스너
필스너
필스너
필스너
필스너
필스너
필스너
필스너
필스너
필스너
필스너
필스너
필스너
필스너
필스너
필스너
필스너
필스너
필스너
필스너
필스너
필스너
필스너
필스너
필스너
필스너
필스너
필스너
필스너
필스너
필스너
필스너
필스너
필스너
필스너
필스너
필스너
필스너
필스너
필스너
필스너
필스너
필스너
필스너
필스너
필스너
필스너
필스너
필스너
필스너
필스너
필스너
필스너
필스너
필스너
필스너
필스너
필스너
필스너
필스너
필스너
필스너
필스너
필스너
필스너
필스너
필스너
필스너
필스너
필스너
필스너
필스너
필스너
필스너
필스너
필스너
필스너
필스너
필스너
필스너
필스너
필스너
필스너
필스너
필스너
필스너
필스너
필스너
필스너
필스너
필스너
필스너
필스너
필스너
필스너
필스너
필스너
필스너
필스너
필스너
필스너
필스너
필스너
필스너
필스너
필스너
필스너
필스너
필스너
필스너
필스너
필스너
필스너
필스너
필스너
필스너
필스너
필스너
필스너
필스너
필스너
필스너
필스너
필스너
필스너
필스너
필스너
필스너
필스너
필스너
필스너
필스너
필스너
필스너
필스너
필스너
필스너
필스너
필스너
필스너
필스너
필스너
필스너
필스너
필스너
필스너
필스너
필스너
필스너
필스너
필스너
필스너
필스너
필스너
필스너
필스너
필스너
필스너
필스너
필스너
필스너
필스너
필스너
필스너
필스너
필스너
필스너
필스너
필스너
필스너
필스너
필스너
필스너
필스너
필스너
필스너
필스너
필스너
필스너
필스너
필스너
필스너
필스너
필스너
필스너
필스너
필스너
필스너
필스너
필스너
필스너
필스너
필스너
필스너
필스너
필스너
필스너
필스너
필스너
필스너
필스너
필스너
필스너
필스너
필스너
필스너
필스너
필스너
필스너
필스너
필스너
필스너
필스너
필스너
필스너
필스너
필스너
필스너
필스너
필스너
필스너
필스너
필스너
필스너
필스너
필스너
필스너
필스너
필스너
필스너
필스너
필스너
필스너
필스너
필스너
필스너
필스너
필스너
필스너
필스너
필스너
필스너
필스너
필스너
필스너
필스너
필스너
필스너
필스너
필스너
필스너
필스너
필스너
필스너
필스너
필스너
필스너
필스너
필스너
필스너
필스너
필스너
필스너
필스너
필스너
필스너
필스너
필스너
필스너
필스너
필스너
필스너
필스너
필스너
필스너
필스너
필스너
필스너
필스너
필스너
필스너
필스너
필스너
필스너
필스너
필스너
필스너
필스너
필스너
필스너
필스너
필스너
필스너
필스너
필스너
필스너
필스너
필스너
필스너
필스너
필스너
필스너
필스너
필스너
필스너
필스너
필스너
필스너
필스너
필스너
필스너
필스너
필스너
필스너
필스너
필스너
필스너
필스너
필스너
필스너
필스너
필스너
필스너
필스너
필스너
필스너
필스너
필스너
필스너
필스너
필스너
필스너
필스너
필스너
필스너
필스너
필스너
필스너
필스너
필스너
필스너
필스너
필스너
필스너
필스너
필스너
필스너
필스너
필스너
필스너
필스너
필스너
필스너
필스너
필스너
하이네켄
하이네켄
하이네켄
하이네켄
하이네켄
하이네켄
하이네켄
하이네켄
하이네켄
하이네켄
하이네켄
하이네켄
하이네켄
하이네켄
하이네켄
하이네켄
하이네켄
하이네켄
하이네켄
하이네켄
하이네켄
하이네켄
하이네켄
하이네켄
하이네켄
하이네켄
하이네켄
하이네켄
하이네켄
하이네켄
하이네켄
하이네켄
하이네켄
하이네켄
하이네켄
하이네켄
하이네켄
하이네켄
하이네켄
하이네켄
하이네켄
하이네켄
하이네켄
하이네켄
하이네켄
하이네켄
하이네켄
하이네켄
하이네켄
하이네켄
하이네켄
하이네켄
하이네켄
하이네켄
하이네켄
하이네켄
하이네켄
하이네켄
하이네켄
하이네켄
하이네켄
하이네켄
하이네켄
하이네켄
하이네켄
하이네켄
하이네켄
하이네켄
하이네켄
하이네켄
하이네켄
하이네켄
하이네켄
하이네켄
하이네켄
하이네켄
하이네켄
하이네켄
하이네켄
하이네켄
하이네켄
하이네켄
하이네켄
하이네켄
하이네켄
하이네켄
하이네켄
하이네켄
하이네켄
하이네켄
하이네켄
하이네켄
하이네켄
하이네켄
하이네켄
하이네켄
하이네켄
하이네켄
하이네켄
하이네켄
하이네켄
하이네켄
하이네켄
하이네켄
하이네켄
하이네켄
하이네켄
하이네켄
하이네켄
하이네켄
하이네켄
하이네켄
하이네켄
하이네켄
하이네켄
하이네켄
하이네켄
하이네켄
하이네켄
하이네켄
하이네켄
하이네켄
하이네켄
하이네켄
하이네켄
하이네켄
하이네켄
하이네켄
하이네켄
하이네켄
하이네켄
하이네켄
하이네켄
하이네켄
하이네켄
하이네켄
하이네켄
하이네켄
하이네켄
하이네켄
하이네켄
하이네켄
하이네켄
하이네켄
하이네켄
하이네켄
하이네켄
하이네켄
하이네켄
하이네켄
하이네켄
하이네켄
하이네켄
하이네켄
하이네켄
하이네켄
하이네켄
하이네켄
하이네켄
하이네켄
하이네켄
하이네켄
하이네켄
하이네켄
하이네켄
하이네켄
하이네켄
하이네켄
하이네켄
하이네켄
하이네켄
하이네켄
하이네켄
하이네켄
하이네켄
하이네켄
하이네켄
하이네켄
하이네켄
하이네켄
하이네켄
하이네켄
하이네켄
하이네켄
하이네켄
하이네켄
하이네켄
하이네켄
하이네켄
하이네켄
하이네켄
하이네켄
하이네켄
하이네켄
하이네켄
하이네켄
하이네켄
하이네켄
하이네켄
하이네켄
하이네켄
하이네켄
하이네켄
하이네켄
하이네켄
하이네켄
하이네켄
하이네켄
하이네켄
하이네켄
하이네켄
하이네켄
하이네켄
하이네켄
하이네켄
하이네켄
하이네켄
하이네켄
하이네켄
하이네켄
하이네켄
하이네켄
하이네켄
하이네켄
하이네켄
하이네켄
하이네켄
하이네켄
하이네켄
하이네켄
하이네켄
하이네켄
하이네켄
하이네켄
하이네켄
하이네켄
하이네켄
하이네켄
하이네켄
하이네켄
하이네켄
하이네켄
하이네켄
하이네켄
하이네켄
하이네켄
하이네켄
하이네켄
하이네켄
하이네켄
하이네켄
하이네켄
하이네켄
하이네켄
하이네켄
하이네켄
하이네켄
하이네켄
하이네켄
하이네켄
하이네켄
하이네켄
하이네켄
하이네켄
하이네켄
하이네켄
하이네켄
하이네켄
하이네켄
하이네켄
하이네켄
하이네켄
하이네켄
하이네켄
하이네켄
하이네켄
하이네켄
하이네켄
하이네켄
하이네켄
하이네켄
하이네켄
하이네켄
하이네켄
하이네켄
하이네켄
하이네켄
하이네켄
하이네켄
하이네켄
하이네켄
하이네켄
하이네켄
하이네켄
하이네켄
하이네켄
하이네켄
하이네켄
하이네켄
하이네켄
하이네켄
하이네켄
하이네켄
하이네켄
하이네켄
하이네켄
하이네켄
하이네켄
하이네켄
하이네켄
하이네켄
하이네켄
하이네켄
하이네켄
하이네켄
하이네켄
하이네켄
하이네켄
하이네켄
하이네켄
하이네켄
하이네켄
하이네켄
하이네켄
하이네켄
하이네켄
하이네켄
하이네켄
하이네켄
하이네켄
하이네켄
하이네켄
하이네켄
하이네켄
하이네켄
하이네켄
하이네켄
하이네켄
하이네켄
하이네켄
하이네켄
하이네켄
하이네켄
하이네켄
하이네켄
하이네켄
하이네켄
하이네켄
하이네켄
하이네켄
하이네켄
하이네켄
하이네켄
하이네켄
하이네켄
하이네켄
하이네켄
하이네켄
하이네켄
하이네켄
하이네켄
하이네켄
하이네켄
하이네켄
하이네켄
하이네켄
하이네켄
하이네켄
하이네켄
하이네켄
하이네켄
하이네켄
하이네켄
하이네켄
하이네켄
하이네켄
하이네켄
하이네켄
하이네켄
하이네켄
하이네켄
하이네켄
하이네켄
하이네켄
하이네켄
하이네켄
하이네켄
하이네켄
하이네켄
하이네켄
하이네켄
하이네켄
하이네켄
하이네켄
하이네켄
하이네켄
하이네켄
하이네켄
하이네켄
하이네켄
하이네켄
하이네켄
하이네켄
하이네켄
하이네켄
하이네켄
하이네켄
하이네켄
하이네켄
하이네켄
하이네켄
하이네켄
하이네켄
하이네켄
하이네켄
하이네켄
하이네켄
하이네켄
하이네켄
하이네켄
하이네켄
하이네켄
하이네켄
하이네켄
하이네켄
하이네켄
하이네켄
하이네켄
하이네켄
하이네켄
하이네켄
하이네켄
하이네켄
하이네켄
하이네켄
하이네켄
하이네켄
하이네켄
하이네켄
하이네켄
하이네켄
하이네켄
하이네켄
하이네켄
하이네켄
하이네켄
하이네켄
하이네켄
하이네켄
하이네켄
하이네켄
하이네켄
하이네켄
하이네켄
하이네켄
하이네켄
하이네켄
하이네켄
하이네켄
하이네켄
하이네켄
하이네켄
하이네켄
하이네켄
하이네켄
하이네켄
하이네켄
하이네켄
하이네켄
하이네켄
하이네켄
하이네켄
하이네켄
하이네켄
하이네켄
하이네켄
하이네켄
하이네켄
하이네켄
하이네켄
하이네켄
하이네켄
하이네켄
하이네켄
하이네켄
하이네켄
하이네켄
하이네켄
하이네켄
하이네켄
하이네켄
하이네켄
하이네켄
하이네켄
하이네켄
하이네켄
하이네켄
하이네켄
하이네켄
하이네켄
하이네켄
하이네켄
하이네켄
하이네켄
하이네켄
하이네켄
하이네켄
하이네켄
하이네켄
하이네켄
하이네켄
하이네켄
하이네켄
하이네켄
하이네켄
하이네켄
하이네켄
하이네켄
하이네켄
하이네켄
하이네켄
하이네켄
하이네켄
하이네켄
하이네켄
하이네켄
하이네켄
하이네켄
하이네켄
하이네켄
하이네켄
하이네켄
하이네켄
하이네켄
하이네켄
하이네켄
하이네켄
하이네켄
하이네켄
하이네켄
하이네켄
하이네켄
하이네켄
하이네켄
하이네켄
하이네켄
하이네켄
하이네켄
하이네켄
하이네켄
하이네켄
하이네켄
하이네켄
하이네켄
하이네켄
하이네켄
하이네켄
하이네켄
하이네켄
하이네켄
하이네켄
하이네켄
하이네켄
하이네켄
하이네켄
하이네켄
하이네켄
하이네켄
하이네켄
하이네켄
하이네켄
하이네켄
하이네켄
하이네켄
하이네켄
하이네켄
하이네켄
하이네켄
하이네켄
하이네켄
하이네켄
하이네켄
하이네켄
하이네켄
하이네켄
하이네켄
하이네켄
하이네켄
하이네켄
하이네켄
하이네켄
하이네켄
하이네켄
하이네켄
하이네켄
하이네켄
하이네켄
하이네켄
하이네켄
하이네켄
하이네켄
하이네켄
하이네켄
하이네켄
하이네켄
하이네켄
하이네켄
하이네켄
하이네켄
하이네켄
하이네켄
하이네켄
하이네켄
하이네켄
하이네켄
하이네켄
하이네켄
하이네켄
하이네켄
하이네켄
하이네켄
하이네켄
하이네켄
하이네켄
하이네켄
하이네켄
하이네켄
하이네켄
하이네켄
하이네켄
하이네켄
하이네켄
하이네켄
하이네켄
하이네켄
하이네켄
하이네켄
하이네켄
하이네켄
하이네켄
하이네켄
하이네켄
하이네켄
하이네켄
하이네켄
하이네켄
하이네켄
하이네켄
하이네켄
하이네켄
하이네켄
하이네켄
하이네켄
하이네켄
하이네켄
하이네켄
하이네켄
하이네켄
하이네켄
하이네켄
하이네켄
하이네켄
하이네켄
하이네켄
하이네켄
하이네켄
하이네켄
하이네켄
하이네켄
하이네켄
하이네켄
하이네켄
하이네켄
하이네켄
하이네켄
하이네켄
하이네켄
하이네켄
하이네켄
하이네켄
하이네켄
하이네켄
하이네켄
하이네켄
하이네켄
하이네켄
하이네켄
하이네켄
하이네켄
하이네켄
하이네켄
하이네켄
하이네켄
하이네켄
하이네켄
하이네켄
하이네켄
하이네켄
하이네켄
하이네켄
하이네켄
하이네켄
하이네켄
하이네켄
하이네켄
하이네켄
하이네켄
하이네켄
하이네켄
하이네켄
하이네켄
하이네켄
하이네켄
하이네켄
하이네켄
하이네켄
하이네켄
하이네켄
하이네켄
하이네켄
하이네켄
하이네켄
하이네켄
하이네켄
하이네켄
하이네켄
하이네켄
하이네켄
하이네켄
하이네켄
하이네켄
하이네켄
하이네켄
하이네켄
하이네켄
하이네켄
하이네켄
하이네켄
하이네켄
하이네켄
하이네켄
하이네켄
하이네켄
하이네켄
하이네켄
하이네켄
하이네켄
하이네켄
하이네켄
하이네켄
하이네켄
하이네켄
하이네켄
하이네켄
하이네켄
하이네켄
하이네켄
하이네켄
하이네켄
하이네켄
하이네켄
하이네켄
하이네켄
하이네켄
하이네켄
하이네켄
하이네켄
하이네켄
하이네켄
하이네켄
하이네켄
하이네켄
하이네켄
하이네켄
하이네켄
하이네켄
하이네켄
하이네켄
하이네켄
하이네켄
하이네켄
하이네켄
하이네켄
하이네켄
하이네켄
하이네켄
하이네켄
하이네켄
하이네켄
하이네켄
하이네켄
하이네켄
하이네켄
하이네켄
하이네켄
하이네켄
하이네켄
하이네켄
하이네켄
하이네켄
하이네켄
하이네켄
하이네켄
하이네켄
하이네켄
하이네켄
하이네켄
하이네켄
하이네켄
하이네켄
하이네켄
하이네켄
하이네켄
하이네켄
하이네켄
하이네켄
하이네켄
하이네켄
하이네켄
하이네켄
하이네켄
하이네켄
하이네켄
하이네켄
하이네켄
하이네켄
하이네켄
하이네켄
하이네켄
하이네켄
하이네켄
하이네켄
하이네켄
하이네켄
하이네켄
하이네켄
하이네켄
하이네켄
하이네켄
하이네켄
하이네켄
하이네켄
하이네켄
하이네켄
하이네켄
하이네켄
하이네켄
하이네켄
하이네켄
하이네켄
하이네켄
하이네켄
하이네켄
하이네켄
하이네켄
하이네켄
하이네켄
하이네켄
하이네켄
하이네켄
하이네켄
하이네켄
하이네켄
하이네켄
하이네켄
하이네켄
하이네켄
하이네켄
하이네켄
하이네켄
하이네켄
하이네켄
하이네켄
하이네켄
하이네켄
하이네켄
하이네켄
하이네켄
하이네켄
하이네켄
하이네켄
하이네켄
하이네켄
하이네켄
하이네켄
하이네켄
하이네켄
하이네켄
하이네켄
하이네켄
하이네켄
하이네켄
하이네켄
하이네켄
하이네켄
하이네켄
하이네켄
하이네켄
하이네켄
하이네켄
하이네켄
하이네켄
하이네켄
하이네켄
하이네켄
하이네켄
하이네켄
하이네켄
하이네켄
하이네켄
하이네켄
하이네켄
하이네켄
하이네켄
하이네켄
하이네켄
하이네켄
하이네켄
하이네켄
하이네켄
하이네켄
하이네켄
하이네켄
하이네켄
하이네켄
하이네켄
하이네켄
하이네켄
하이네켄
하이네켄
하이네켄
하이네켄
하이네켄
하이네켄
하이네켄
하이네켄
하이네켄
하이네켄
하이네켄
하이네켄
하이네켄
하이네켄
하이네켄
하이네켄
하이네켄
하이네켄
하이네켄
하이네켄
하이네켄
하이네켄
하이네켄
하이네켄
하이네켄
하이네켄
하이네켄
하이네켄
하이네켄
하이네켄
하이네켄
하이네켄
하이네켄
하이네켄
하이네켄
하이네켄
하이네켄
하이네켄
하이네켄
하이네켄
하이네켄
하이네켄
하이네켄
하이네켄
하이네켄
하이네켄
하이네켄
하이네켄
하이네켄
하이네켄
하이네켄
하이네켄
하이네켄
하이네켄
하이네켄
하이네켄
하이네켄
하이네켄
하이네켄
하이네켄
하이네켄
하이네켄
하이네켄
하이네켄
하이네켄
하이네켄
하이네켄
하이네켄
하이네켄
하이네켄
하이네켄
하이네켄
하이네켄
하이네켄
하이네켄
하이네켄
하이네켄
하이네켄
하이네켄
하이네켄
하이네켄
하이네켄
하이네켄
하이네켄
하이네켄
하이네켄
하이네켄
하이네켄
하이네켄
하이네켄
하이네켄
하이네켄
하이네켄
하이네켄
하이네켄
하이네켄
하이네켄
하이네켄
하이네켄
하이네켄
하이네켄
하이네켄
하이네켄
하이네켄
하이네켄
하이네켄
하이네켄
하이네켄
하이네켄
하이네켄
하이네켄
하이네켄
하이네켄
하이네켄
하이네켄
하이네켄
하이네켄
하이네켄
하이네켄
하이네켄
하이네켄
하이네켄
하이네켄
하이네켄
하이네켄
하이네켄
하이네켄
하이네켄
하이네켄
하이네켄
하이네켄
하이네켄
하이네켄
하이네켄
하이네켄
하이네켄
하이네켄
하이네켄
하이네켄
하이네켄
하이네켄
하이네켄
하이네켄
하이네켄
하이네켄
하이네켄
하이네켄
하이네켄
하이네켄
하이네켄
하이네켄
하이네켄
하이네켄
하이네켄
하이네켄
하이네켄
하이네켄
하이네켄
하이네켄
하이네켄
하이네켄
하이네켄
하이네켄
하이네켄
하이네켄
하이네켄
하이네켄
하이네켄
하이네켄
하이네켄
하이네켄
하이네켄
하이네켄
하이네켄
하이네켄
하이네켄
하이네켄
하이네켄
하이네켄
하이네켄
하이네켄
하이네켄
하이네켄
하이네켄
하이네켄
하이네켄
하이네켄
하이네켄
하이네켄
하이네켄
하이네켄
하이네켄
하이네켄
하이네켄
하이네켄
하이네켄
하이네켄
하이네켄
하이네켄
하이네켄
하이네켄
하이네켄
하이네켄
하이네켄
하이네켄
하이네켄
하이네켄
하이네켄
하이네켄
하이네켄
하이네켄
하이네켄
하이네켄
하이네켄
하이네켄
하이네켄
하이네켄
하이네켄
하이네켄
하이네켄
하이네켄
하이네켄
하이네켄
하이네켄
하이네켄
하이네켄
하이네켄
하이네켄
하이네켄
하이네켄
하이네켄
하이네켄
하이네켄
하이네켄
하이네켄
하이네켄
하이네켄
하이네켄
하이네켄
하이네켄
하이네켄
하이네켄
하이네켄
하이네켄
하이네켄
하이네켄
하이네켄
하이네켄
하이네켄
하이네켄
하이네켄
하이네켄
하이네켄
하이네켄
하이네켄
하이네켄
하이네켄
하이네켄
하이네켄
하이네켄
하이네켄
하이네켄
하이네켄
하이네켄
하이네켄
하이네켄
하이네켄
하이네켄
하이네켄
하이네켄
하이네켄
하이네켄
하이네켄
하이네켄
하이네켄
하이네켄
하이네켄
하이네켄
하이네켄
하이네켄
하이네켄
하이네켄
하이네켄
하이네켄
하이네켄
하이네켄
하이네켄
하이네켄
하이네켄
하이네켄
하이네켄
하이네켄
하이네켄
하이네켄
하이네켄
하이네켄
하이네켄
하이네켄
하이네켄
하이네켄
하이네켄
하이네켄
하이네켄
하이네켄
하이네켄
하이네켄
하이네켄
하이네켄
하이네켄
하이네켄
하이네켄
하이네켄
하이네켄
하이네켄
하이네켄
하이네켄
하이네켄
하이네켄
하이네켄
하이네켄
하이네켄
하이네켄
하이네켄
하이네켄
하이네켄
하이네켄
하이네켄
하이네켄
하이네켄
하이네켄
하이네켄
하이네켄
하이네켄
하이네켄
하이네켄
하이네켄
하이네켄
하이네켄
하이네켄
하이네켄
하이네켄
하이네켄
하이네켄
하이네켄
하이네켄
하이네켄
하이네켄
하이네켄
하이네켄
하이네켄
하이네켄
하이네켄
하이네켄
하이네켄
하이네켄
하이네켄
하이네켄
하이네켄
하이네켄
하이네켄
하이네켄
하이네켄
하이네켄
하이네켄
하이네켄
하이네켄
하이네켄
하이네켄
하이네켄
하이네켄
하이네켄
하이네켄
하이네켄
하이네켄
하이네켄
하이네켄
하이네켄
하이네켄
하이네켄
하이네켄
하이네켄
하이네켄
하이네켄
하이네켄
하이네켄
하이네켄
하이네켄
하이네켄
하이네켄
하이네켄
하이네켄
하이네켄
하이네켄
하이네켄
하이네켄
하이네켄
하이네켄
하이네켄
하이네켄
하이네켄
하이네켄
하이네켄
하이네켄
하이네켄
하이네켄
하이네켄
하이네켄
하이네켄
하이네켄
하이네켄
하이네켄
하이네켄
하이네켄
하이네켄
하이네켄
하이네켄
하이네켄
하이네켄
하이네켄
하이네켄
하이네켄
하이네켄
하이네켄
하이네켄
하이네켄
하이네켄
하이네켄
하이네켄
하이네켄
하이네켄
하이네켄
하이네켄
하이네켄
하이네켄
하이네켄
하이네켄
하이네켄
하이네켄
하이네켄
하이네켄
하이네켄
하이네켄
하이네켄
하이네켄
하이네켄
하이네켄
하이네켄
하이네켄
하이네켄
하이네켄
하이네켄
하이네켄
하이네켄
하이네켄
하이네켄
하이네켄
하이네켄
하이네켄
하이네켄
하이네켄
하이네켄
하이네켄
하이네켄
하이네켄
하이네켄
하이네켄
하이네켄
하이네켄
하이네켄
하이네켄
하이네켄
하이네켄
하이네켄
하이네켄
하이네켄
하이네켄
하이네켄
하이네켄
하이네켄
하이네켄
하이네켄
하이네켄
하이네켄
하이네켄
하이네켄
하이네켄
하이네켄
하이네켄
하이네켄
하이네켄
하이네켄
하이네켄
하이네켄
하이네켄
하이네켄
하이네켄
하이네켄
하이네켄
하이네켄
하이네켄
하이네켄
하이네켄
하이네켄
하이네켄
하이네켄
하이네켄
하이네켄
하이네켄
하이네켄
하이네켄
하이네켄
하이네켄
하이네켄
하이네켄
하이네켄
하이네켄
하이네켄
하이네켄
하이네켄
하이네켄
하이네켄
하이네켄
하이네켄
하이네켄
하이네켄
하이네켄
하이네켄
하이네켄
하이네켄
하이네켄
하이네켄
하이네켄
하이네켄
하이네켄
하이네켄
하이네켄
하이네켄
하이네켄
하이네켄
하이네켄
하이네켄
하이네켄
하이네켄
하이네켄
하이네켄
하이네켄
하이네켄
하이네켄
하이네켄
하이네켄
하이네켄
하이네켄
하이네켄
하이네켄
하이네켄
하이네켄
하이네켄
하이네켄
하이네켄
하이네켄
하이네켄
하이네켄
하이네켄
하이네켄
하이네켄
하이네켄
하이네켄
하이네켄
하이네켄
하이네켄
하이네켄
하이네켄
하이네켄
하이네켄
하이네켄
하이네켄
하이네켄
하이네켄
하이네켄
하이네켄
하이네켄
하이네켄
하이네켄
하이네켄
하이네켄
하이네켄
하이네켄
하이네켄
하이네켄
하이네켄
하이네켄
하이네켄
하이네켄
하이네켄
하이네켄
하이네켄
하이네켄
하이네켄
하이네켄
하이네켄
하이네켄
하이네켄
하이네켄
하이네켄
하이네켄
하이네켄
하이네켄
하이네켄
하이네켄
하이네켄
하이네켄
하이네켄
하이네켄
하이네켄
하이네켄
하이네켄
하이네켄
하이네켄
하이네켄
하이네켄
하이네켄
하이네켄
하이네켄
하이네켄
하이네켄
하이네켄
하이네켄
하이네켄
하이네켄
하이네켄
하이네켄
하이네켄
하이네켄
하이네켄
하이네켄
하이네켄
하이네켄
하이네켄
하이네켄
하이네켄
하이네켄
하이네켄
하이네켄
하이네켄
하이네켄
하이네켄
하이네켄
하이네켄
하이네켄
하이네켄
하이네켄
하이네켄
하이네켄
하이네켄
하이네켄
하이네켄
하이네켄
하이네켄
하이네켄
하이네켄
하이네켄
하이네켄
하이네켄
하이네켄
하이네켄
하이네켄
하이네켄
하이네켄
하이네켄
하이네켄
하이네켄
하이네켄
하이네켄
하이네켄
하이네켄
하이네켄
하이네켄
하이네켄
하이네켄
하이네켄
하이네켄
하이네켄
하이네켄
하이네켄
하이네켄
하이네켄
하이네켄
하이네켄
하이네켄
하이네켄
하이네켄
하이네켄
하이네켄
하이네켄
하이네켄
하이네켄
하이네켄
하이네켄
하이네켄
하이네켄
하이네켄
하이네켄
하이네켄
하이네켄
하이네켄
하이네켄
하이네켄
하이네켄
하이네켄
하이네켄
하이네켄
하이네켄
하이네켄
하이네켄
하이네켄
하이네켄
하이네켄
하이네켄
하이네켄
하이네켄
하이네켄
하이네켄
하이네켄
하이네켄
하이네켄
하이네켄
하이네켄
하이네켄
하이네켄
하이네켄
하이네켄
하이네켄
하이네켄
하이네켄
하이네켄
하이네켄
하이네켄
하이네켄
하이네켄
하이네켄
하이네켄
하이네켄
하이네켄
하이네켄
하이네켄
하이네켄
하이네켄
하이네켄
하이네켄
하이네켄
하이네켄
하이네켄
하이네켄
하이네켄
하이네켄
하이네켄
하이네켄
하이네켄
하이네켄
하이네켄
하이네켄
하이네켄
하이네켄
하이네켄
하이네켄
하이네켄
하이네켄
하이네켄
하이네켄
하이네켄
하이네켄
하이네켄
하이네켄
하이네켄
하이네켄
하이네켄
하이네켄
하이네켄
하이네켄
하이네켄
하이네켄
하이네켄
하이네켄
하이네켄
하이네켄
하이네켄
하이네켄
하이네켄
하이네켄
하이네켄
하이네켄
하이네켄
하이네켄
하이네켄
하이네켄
하이네켄
하이네켄
하이네켄
하이네켄
하이네켄
하이네켄
하이네켄
하이네켄
하이네켄
하이네켄
하이네켄
하이네켄
하이네켄
하이네켄
하이네켄
하이네켄
하이네켄
하이네켄
하이네켄
하이네켄
하이네켄
하이네켄
하이네켄
하이네켄
하이네켄
하이네켄
하이네켄
하이네켄
하이네켄
하이네켄
하이네켄
하이네켄
하이네켄
하이네켄
하이네켄
하이네켄
하이네켄
하이네켄
하이네켄
하이네켄
하이네켄
하이네켄
하이네켄
하이네켄
하이네켄
하이네켄
하이네켄
하이네켄
하이네켄
하이네켄
하이네켄
하이네켄
하이네켄
하이네켄
하이네켄
하이네켄
하이네켄
하이네켄
하이네켄
하이네켄
하이네켄
하이네켄
하이네켄
하이네켄
하이네켄
하이네켄
하이네켄
하이네켄
하이네켄
하이네켄
하이네켄
하이네켄
하이네켄
하이네켄
하이네켄
하이네켄
하이네켄
하이네켄
하이네켄
하이네켄
하이네켄
하이네켄
하이네켄
하이네켄
하이네켄
하이네켄
하이네켄
하이네켄
하이네켄
하이네켄
하이네켄
하이네켄
하이네켄
하이네켄
하이네켄
하이네켄
하이네켄
하이네켄
하이네켄
하이네켄
하이네켄
하이네켄
하이네켄
하이네켄
하이네켄
하이네켄
하이네켄
하이네켄
하이네켄
하이네켄
하이네켄
하이네켄
하이네켄
하이네켄
하이네켄
하이네켄
하이네켄
하이네켄
하이네켄
하이네켄
하이네켄
하이네켄
하이네켄
하이네켄
하이네켄
하이네켄
하이네켄
하이네켄
하이네켄
하이네켄
하이네켄
하이네켄
하이네켄
하이네켄
하이네켄
하이네켄
하이네켄
하이네켄
하이네켄
하이네켄
하이네켄
하이네켄
하이네켄
하이네켄
하이네켄
하이네켄
하이네켄
하이네켄
하이네켄
하이네켄
하이네켄
하이네켄
하이네켄
하이네켄
하이네켄
하이네켄
하이네켄
하이네켄
하이네켄
하이네켄
하이네켄
하이네켄
하이네켄
하이네켄
하이네켄
하이네켄
하이네켄
하이네켄
하이네켄
하이네켄
하이네켄
하이네켄
하이네켄
하이네켄
하이네켄
하이네켄
하이네켄
하이네켄
하이네켄
하이네켄
하이네켄
하이네켄
하이네켄
하이네켄
하이네켄
하이네켄
하이네켄
하이네켄
하이네켄
하이네켄
하이네켄
하이네켄
하이네켄
하이네켄
하이네켄
하이네켄
하이네켄
하이네켄
하이네켄
하이네켄
하이네켄
하이네켄
하이네켄
하이네켄
하이네켄
하이네켄
하이네켄
하이네켄
하이네켄
하이네켄
하이네켄
하이네켄
하이네켄
하이네켄
하이네켄
하이네켄
하이네켄
하이네켄
하이네켄
하이네켄
하이네켄
하이네켄
하이네켄
하이네켄
하이네켄
하이네켄
하이네켄
하이네켄
하이네켄
하이네켄
하이네켄
하이네켄
하이네켄
하이네켄
하이네켄
하이네켄
하이네켄
하이네켄
하이네켄
하이네켄
하이네켄
하이네켄
하이네켄
하이네켄
하이네켄
하이네켄
하이네켄
하이네켄
하이네켄
하이네켄
하이네켄
하이네켄
하이네켄
하이네켄
하이네켄
하이네켄
하이네켄
하이네켄
하이네켄
하이네켄
하이네켄
하이네켄
하이네켄
하이네켄
하이네켄
하이네켄
하이네켄
하이네켄
하이네켄
하이네켄
하이네켄
하이네켄
하이네켄
하이네켄
하이네켄
하이네켄
하이네켄
하이네켄
하이네켄
하이네켄
하이네켄
하이네켄
하이네켄
하이네켄
하이네켄
하이네켄
하이네켄
하이네켄
하이네켄
하이네켄
하이네켄
하이네켄
하이네켄
하이네켄
하이네켄
하이네켄
하이네켄
하이네켄
하이네켄
하이네켄
하이네켄
하이네켄
하이네켄
하이네켄
하이네켄
하이네켄
하이네켄
하이네켄
하이네켄
하이네켄
하이네켄
하이네켄
하이네켄
하이네켄
하이네켄
하이네켄
하이네켄
하이네켄
하이네켄
하이네켄
하이네켄
하이네켄
하이네켄
하이네켄
하이네켄
하이네켄
하이네켄
하이네켄
하이네켄
하이네켄
하이네켄
하이네켄
하이네켄
하이네켄
하이네켄
하이네켄
하이네켄
하이네켄
하이네켄
하이네켄
하이네켄
하이네켄
하이네켄
하이네켄
하이네켄
하이네켄
하이네켄
하이네켄
하이네켄
하이네켄
하이네켄
하이네켄
하이네켄
하이네켄
하이네켄
하이네켄
하이네켄
하이네켄
하이트
하이트
하이트
하이트
하이트
하이트
하이트
하이트
하이트
하이트
하이트
하이트
하이트
하이트
하이트
하이트
하이트
하이트
하이트
하이트
하이트
하이트
하이트
하이트
하이트
하이트
하이트
하이트
하이트
하이트
하이트
하이트
하이트
하이트
하이트
하이트
하이트
하이트
하이트
하이트
하이트
하이트
하이트
하이트
하이트
하이트
하이트
하이트
하이트
하이트
하이트
하이트
하이트
하이트
하이트
하이트
하이트
하이트
하이트
하이트
하이트
하이트
하이트
하이트
하이트
하이트
하이트
하이트
하이트
하이트
하이트
하이트
하이트
하이트
하이트
하이트
하이트
하이트
하이트
하이트
하이트
하이트
하이트
하이트
하이트
하이트
하이트
하이트
하이트
하이트
하이트
하이트
하이트
하이트
하이트
하이트
하이트
하이트
하이트
하이트
하이트
하이트
하이트
하이트
하이트
하이트
하이트
하이트
하이트
하이트
하이트
하이트
하이트
하이트
하이트
하이트
하이트
하이트
하이트
하이트
하이트
하이트
하이트
하이트
하이트
하이트
하이트
하이트
하이트
하이트
하이트
하이트
하이트
하이트
하이트
하이트
하이트
하이트
하이트
하이트
하이트
하이트
하이트
하이트
하이트
하이트
하이트
하이트
하이트
하이트
하이트
하이트
하이트
하이트
하이트
하이트
하이트
하이트
하이트
하이트
하이트
하이트
하이트
하이트
하이트
하이트
하이트
하이트
하이트
하이트
하이트
하이트
하이트
하이트
하이트
하이트
하이트
하이트
하이트
하이트
하이트
하이트
하이트
하이트
하이트
하이트
하이트
하이트
하이트
하이트
하이트
하이트
하이트
하이트
하이트
하이트
하이트
하이트
하이트
하이트
하이트
하이트
하이트
하이트
하이트
하이트
하이트
하이트
하이트
하이트
하이트
하이트
하이트
하이트
하이트
하이트
하이트
하이트
하이트
하이트
하이트
하이트
하이트
하이트
하이트
하이트
하이트
하이트
하이트
하이트
하이트
하이트
하이트
하이트
하이트
하이트
하이트
하이트
하이트
하이트
하이트
하이트
하이트
하이트
하이트
하이트
하이트
하이트
하이트
하이트
하이트
하이트
하이트
하이트
하이트
하이트
하이트
하이트
하이트
하이트
하이트
하이트
하이트
하이트
하이트
하이트
하이트
하이트
하이트
하이트
하이트
하이트
하이트
하이트
하이트
하이트
하이트
하이트
하이트
하이트
하이트
하이트
하이트
하이트
하이트
하이트
하이트
하이트
하이트
하이트
하이트
하이트
하이트
하이트
하이트
하이트
하이트
하이트
하이트
하이트
하이트
하이트
하이트
하이트
하이트
하이트
하이트
하이트
하이트
하이트
하이트
하이트
하이트
하이트
하이트
하이트
하이트
하이트
하이트
하이트
하이트
하이트
하이트
하이트
하이트
하이트
하이트
하이트
하이트
하이트
하이트
하이트
하이트
하이트
하이트
하이트
하이트
하이트
하이트
하이트
하이트
하이트
하이트
하이트
하이트
하이트
하이트
하이트
하이트
하이트
하이트
하이트
하이트
하이트
하이트
하이트
하이트
하이트
하이트
하이트
하이트
하이트
하이트
하이트
하이트
하이트
하이트
하이트
하이트
하이트
하이트
하이트
하이트
하이트
하이트
하이트
하이트
하이트
하이트
하이트
하이트
하이트
하이트
하이트
하이트
하이트
하이트
하이트
하이트
하이트
하이트
하이트
하이트
하이트
하이트
하이트
하이트
하이트
하이트
하이트
하이트
하이트
하이트
하이트
하이트
하이트
하이트
하이트
하이트
하이트
하이트
하이트
하이트
하이트
하이트
하이트
하이트
하이트
하이트
하이트
하이트
하이트
하이트
하이트
하이트
하이트
하이트
하이트
하이트
하이트
하이트
하이트
하이트
하이트
하이트
하이트
하이트
하이트
하이트
하이트
하이트
하이트
하이트
하이트
하이트
하이트
하이트
하이트
하이트
하이트
하이트
하이트
하이트
하이트
하이트
하이트
하이트
하이트
하이트
하이트
하이트
하이트
하이트
하이트
하이트
하이트
하이트
하이트
하이트
하이트
하이트
하이트
하이트
하이트
하이트
하이트
하이트
하이트
하이트
하이트
하이트
하이트
하이트
하이트
하이트
하이트
하이트
하이트
하이트
하이트
하이트
하이트
하이트
하이트
하이트
하이트
하이트
하이트
하이트
하이트
하이트
하이트
하이트
하이트
하이트
하이트
하이트
하이트
하이트
하이트
하이트
하이트
하이트
하이트
하이트
하이트
하이트
하이트
하이트
하이트
하이트
하이트
하이트
하이트
하이트
하이트
하이트
하이트
하이트
하이트
하이트
하이트
하이트
하이트
하이트
하이트
하이트
하이트
하이트
하이트
하이트
하이트
하이트
하이트
하이트
하이트
하이트
하이트
하이트
하이트
하이트
하이트
하이트
하이트
하이트
하이트
하이트
하이트
하이트
하이트
하이트
하이트
하이트
하이트
하이트
하이트
하이트
하이트
하이트
하이트
하이트
하이트
하이트
하이트
하이트
하이트
하이트
하이트
하이트
하이트
하이트
하이트
하이트
하이트
하이트
하이트
하이트
하이트
하이트
하이트
하이트
하이트
하이트
하이트
하이트
하이트
하이트
하이트
하이트
하이트
하이트
하이트
하이트
하이트
하이트
하이트
하이트
하이트
하이트
하이트
하이트
하이트
하이트
하이트
하이트
하이트
하이트
하이트
하이트
하이트
하이트
하이트
하이트
하이트
하이트
하이트
하이트
하이트
하이트
하이트
하이트
하이트
하이트
하이트
하이트
하이트
하이트
하이트
하이트
하이트
하이트
하이트
하이트
하이트
하이트
하이트
하이트
하이트
하이트
하이트
하이트
하이트
하이트
하이트
하이트
하이트
하이트
하이트
하이트
하이트
하이트
하이트
하이트
하이트
하이트
하이트
하이트
하이트
하이트
하이트
하이트
하이트
하이트
하이트
하이트
하이트
하이트
하이트
하이트
하이트
하이트
하이트
하이트
하이트
하이트
하이트
하이트
하이트
하이트
하이트
하이트
하이트
하이트
하이트
하이트
하이트
하이트
하이트
하이트
하이트
하이트
하이트
하이트
하이트
하이트
하이트
하이트
하이트
하이트
하이트
하이트
하이트
하이트
하이트
하이트
하이트
하이트
하이트
하이트
하이트
하이트
하이트
하이트
하이트
하이트
하이트
하이트
하이트
하이트
하이트
하이트
하이트
하이트
하이트
하이트
하이트
하이트
하이트
하이트
하이트
하이트
하이트
하이트
하이트
하이트
하이트
하이트
하이트
하이트
하이트
하이트
하이트
하이트
하이트
하이트
하이트
하이트
하이트
하이트
하이트
하이트
하이트
하이트
하이트
하이트
하이트
하이트
하이트
하이트
하이트
하이트
하이트
하이트
하이트
하이트
하이트
하이트
하이트
하이트
하이트
하이트
하이트
하이트
하이트
하이트
하이트
하이트
하이트
하이트
하이트
하이트
하이트
하이트
하이트
하이트
하이트
하이트
하이트
하이트
하이트
하이트
하이트
하이트
하이트
하이트
하이트
하이트
하이트
하이트
하이트
하이트
하이트
하이트
하이트
하이트
하이트
하이트
하이트
하이트
하이트
하이트
하이트
하이트
하이트
하이트
하이트
하이트
하이트
하이트
하이트
하이트
하이트
하이트
하이트
하이트
하이트
하이트
하이트
하이트
하이트
하이트
하이트
하이트
하이트
하이트
하이트
하이트
하이트
하이트
하이트
하이트
하이트
하이트
하이트
하이트
하이트
하이트
하이트
하이트
하이트
하이트
하이트
하이트
하이트
하이트
하이트
하이트
하이트
하이트
하이트
하이트
하이트
하이트
하이트
하이트
하이트
하이트
하이트
하이트
하이트
하이트
하이트
하이트
하이트
하이트
하이트
하이트
하이트
하이트
하이트
하이트
하이트
하이트
하이트
하이트
하이트
하이트
하이트
하이트
하이트
하이트
하이트
하이트
하이트
하이트
하이트
하이트
하이트
하이트
하이트
하이트
하이트
하이트
하이트
하이트
하이트
하이트
하이트
하이트
하이트
하이트
하이트
하이트
하이트
하이트
하이트
하이트
하이트
하이트
하이트
하이트
하이트
하이트
하이트
하이트
하이트
하이트
하이트
하이트
하이트
하이트
하이트
하이트
하이트
하이트
하이트
하이트
하이트
하이트
하이트
하이트
하이트
하이트
하이트
하이트
하이트
하이트
하이트
하이트
하이트
하이트
하이트
하이트
하이트
하이트
하이트
하이트
하이트
하이트
하이트
하이트
하이트
하이트
하이트
하이트
하이트
하이트
하이트
하이트
하이트
하이트
하이트
하이트
하이트
하이트
하이트
하이트
하이트
하이트
하이트
하이트
하이트
하이트
하이트
하이트
하이트
하이트
하이트
하이트
하이트
하이트
하이트
하이트
하이트
하이트
하이트
하이트
하이트
하이트
하이트
하이트
하이트
하이트
하이트
하이트
하이트
하이트
하이트
하이트
하이트
하이트
하이트
하이트
하이트
하이트
하이트
하이트
하이트
하이트
하이트
하이트
하이트
하이트
하이트
하이트
하이트
하이트
하이트
하이트
하이트
하이트
하이트
하이트
하이트
하이트
하이트
하이트
하이트
하이트
하이트
하이트
하이트
하이트
하이트
하이트
하이트
하이트
하이트
하이트
하이트
하이트
하이트
하이트
하이트
하이트
하이트
하이트
하이트
하이트
하이트
하이트
하이트
하이트
하이트
하이트
하이트
하이트
하이트
하이트
하이트
하이트
하이트
하이트
하이트
하이트
하이트
하이트
하이트
하이트
하이트
하이트
하이트
하이트
하이트
하이트
하이트
하이트
하이트
하이트
하이트
하이트
하이트
하이트
하이트
하이트
하이트
하이트
하이트
하이트
하이트
하이트
하이트
하이트
하이트
하이트
하이트
하이트
하이트
하이트
하이트
하이트
하이트
하이트
하이트
하이트
하이트
하이트
하이트
하이트
하이트
하이트
하이트
하이트
하이트
하이트
하이트
하이트
하이트
하이트
하이트
하이트
하이트
하이트
하이트
하이트
하이트
하이트
하이트
하이트
하이트
하이트
하이트
하이트
하이트
하이트
하이트
하이트
하이트
하이트
하이트
하이트
하이트
하이트
하이트
하이트
하이트
하이트
하이트
하이트
하이트
하이트
하이트
하이트
하이트
하이트
하이트
하이트
하이트
하이트
하이트
하이트
하이트
하이트
하이트
하이트
하이트
하이트
하이트
하이트
하이트
하이트
하이트
하이트
하이트
하이트
하이트
하이트
하이트
하이트
하이트
하이트
하이트
하이트
하이트
하이트
하이트
하이트
하이트
하이트
하이트
하이트
하이트
하이트
하이트
하이트
하이트
하이트
하이트
하이트
하이트
하이트
하이트
하이트
하이트
하이트
하이트
하이트
하이트
하이트
하이트
하이트
하이트
하이트
하이트
하이트
하이트
하이트
하이트
하이트
하이트
하이트
하이트
하이트
하이트
하이트
하이트
하이트
하이트
하이트
하이트
하이트
하이트
하이트
하이트
하이트
하이트
하이트
하이트
하이트
하이트
하이트
하이트
하이트
하이트
하이트
하이트
하이트
하이트
하이트
하이트
하이트
하이트
하이트
하이트
하이트
하이트
하이트
하이트
하이트
하이트
하이트
하이트
하이트
하이트
하이트
하이트
하이트
하이트
하이트
하이트
하이트
하이트
하이트
하이트
하이트
하이트
하이트
하이트
하이트
하이트
하이트
하이트
하이트
하이트
하이트
하이트
하이트
하이트
하이트
하이트
하이트
하이트
하이트
하이트
하이트
하이트
하이트
하이트
하이트
하이트
하이트
하이트
하이트
하이트
하이트
하이트
하이트
하이트
하이트
하이트
하이트
하이트
하이트
하이트
하이트
하이트
하이트
하이트
하이트
하이트
하이트
하이트
하이트
하이트
하이트
하이트
하이트
하이트
하이트
하이트
하이트
하이트
하이트
하이트
하이트
하이트
하이트
하이트
하이트
하이트
하이트
하이트
하이트
하이트
하이트
하이트
하이트
하이트
하이트
하이트
하이트
하이트
하이트
하이트
하이트
하이트
하이트
하이트
하이트
하이트
하이트
하이트
하이트
하이트
하이트
하이트
하이트
하이트
하이트
하이트
하이트
하이트
하이트
하이트
하이트
하이트
하이트
하이트
하이트
하이트
하이트
하이트
하이트
하이트
하이트
하이트
하이트
하이트
하이트
하이트
하이트
하이트
하이트
하이트
하이트
하이트
하이트
하이트
하이트
하이트
하이트
하이트
하이트
하이트
하이트
하이트
하이트
하이트
하이트
하이트
하이트
하이트
하이트
하이트
하이트
하이트
하이트
하이트
하이트
하이트
하이트
하이트
하이트
하이트
하이트
하이트
하이트
하이트
하이트
하이트
하이트
하이트
하이트
하이트
하이트
하이트
하이트
하이트
하이트
하이트
하이트
하이트
하이트
하이트
하이트
하이트
하이트
하이트
하이트
하이트
하이트
하이트
하이트
하이트
하이트
하이트
하이트
하이트
하이트
하이트
하이트
하이트
하이트
하이트
하이트
하이트
하이트
하이트
하이트
하이트
하이트
하이트
하이트
하이트
하이트
하이트
하이트
하이트
하이트
하이트
하이트
하이트
하이트
하이트
하이트
하이트
하이트
하이트
하이트
하이트
하이트
하이트
하이트
하이트
하이트
하이트
하이트
하이트
하이트
하이트
하이트
하이트
하이트
하이트
하이트
하이트
하이트
하이트
하이트
하이트
하이트
하이트
하이트
하이트
하이트
하이트
하이트
하이트
하이트
하이트
하이트
하이트
하이트
하이트
하이트
하이트
하이트
하이트
하이트
하이트
하이트
하이트
하이트
하이트
하이트
하이트
하이트
하이트
하이트
하이트
하이트
하이트
하이트
하이트
하이트
하이트
하이트
하이트
하이트
하이트
하이트
하이트
하이트
하이트
하이트
하이트
하이트
하이트
하이트
하이트
하이트
하이트
하이트
하이트
하이트
하이트
하이트
하이트
하이트
하이트
하이트
하이트
하이트
하이트
하이트
하이트
하이트
하이트
하이트
하이트
하이트
하이트
하이트
하이트
하이트
하이트
하이트
하이트
하이트
하이트
하이트
하이트
하이트
하이트
하이트
하이트
하이트
하이트
하이트
하이트
하이트
하이트
하이트
하이트
하이트
하이트
하이트
하이트
하이트
하이트
하이트
하이트
하이트
하이트
하이트
하이트
하이트
하이트
하이트
하이트
하이트
하이트
하이트
하이트
하이트
하이트
하이트
하이트
하이트
하이트
하이트
하이트
하이트
하이트
하이트
하이트
하이트
하이트
하이트
하이트
하이트
하이트
하이트
하이트
하이트
하이트
하이트
하이트
하이트
하이트
하이트
하이트
하이트
하이트
하이트
하이트
하이트
하이트
하이트
하이트
하이트
하이트
하이트
하이트
하이트
하이트
하이트
하이트
하이트
하이트
하이트
하이트
하이트
하이트
하이트
하이트
하이트
하이트
하이트
하이트
하이트
하이트
하이트
하이트
하이트
하이트
하이트
하이트
하이트
하이트
하이트
하이트
하이트
하이트
하이트
하이트
하이트
하이트
하이트
하이트
하이트
하이트
하이트
하이트
하이트
하이트
하이트
하이트
하이트
하이트
하이트
하이트
하이트
하이트
하이트
하이트
하이트
하이트
하이트
하이트
하이트
하이트
하이트
하이트
하이트
하이트
하이트
하이트
하이트
하이트
하이트
하이트
하이트
하이트
하이트
하이트
하이트
하이트
하이트
하이트
하이트
하이트
하이트
하이트
하이트
하이트
하이트
하이트
하이트
하이트
하이트
하이트
하이트
하이트
하이트
하이트
하이트
하이트
하이트
하이트
하이트
하이트
하이트
하이트
하이트
하이트
하이트
하이트
하이트
하이트
하이트
하이트
하이트
하이트
하이트
하이트
하이트
하이트
하이트
하이트
하이트
하이트
하이트
하이트
하이트
하이트
하이트
하이트
하이트
하이트
하이트
하이트
하이트
하이트
하이트
하이트
하이트
하이트
하이트
하이트
하이트
하이트
하이트
하이트
하이트
하이트
하이트
하이트
하이트
하이트
하이트
하이트
하이트
하이트
하이트
하이트
하이트
하이트
하이트
하이트
하이트
하이트
